3.628187163858392211e-02 2.049373299040857868e-02 4.546448268897004263e-01
3.375022603704662307e-04 4.009234031494306183e-02 4.386524703442627460e-01
-3.373078873409331158e-02 1.964959869072358672e-02 4.304587636356875802e-01
-3.386861688230743267e-02 -1.975334845064300598e-02 4.339289532941115746e-01
3.251330675820197523e-04 -4.037708418158321433e-02 4.455936069586282633e-01
3.640733059400959315e-02 -2.057274436475110824e-02 4.581157738456420048e-01
1.181818311459699039e-01 2.487368940004803727e-02 4.708721980981185329e-01
7.935670201057788697e-02 4.531643102426751585e-02 4.610232914484445055e-01
7.822731897924095623e-02 8.603631854884481733e-02 4.486576327150805787e-01
3.515248860724699831e-02 1.059383497454550599e-01 4.290799772885346974e-01
3.375022603704662307e-04 8.481706954541223809e-02 4.254532794764610548e-01
-3.320421452681374119e-02 1.021258616090488097e-01 4.086599545898449981e-01
-7.019037285682144800e-02 7.877812670708564391e-02 4.035552644558049185e-01
-7.071694706410103226e-02 4.102659301922959717e-02 4.121548826338458649e-01
-1.016876387788295810e-01 2.142798569469511055e-02 4.007643706707220144e-01
-1.018118355717258228e-01 -2.139087811632977773e-02 4.015130854831818752e-01
-7.097897200521137429e-02 -4.119521793316188729e-02 4.163737871047296091e-01
-7.109004230780151257e-02 -7.996859840484714377e-02 4.138153836575683142e-01
-3.397968718489755707e-02 -1.043508017159338747e-01 4.244122478221844519e-01
3.251330675820197523e-04 -8.620115697518880571e-02 4.386353049338624910e-01
3.536806596727420232e-02 -1.072128814676768238e-01 4.408680704484299606e-01
7.780701885693966369e-02 -8.584648930441805825e-02 4.518645352698647533e-01
7.884628348367503370e-02 -4.503042499509792712e-02 4.621539366423109141e-01
1.175459536636413865e-01 -2.440668926415771878e-02 4.685318963360433075e-01
1.970637076129750087e-01 2.600938324403212487e-02 4.600966117193346361e-01
1.650868199297821914e-01 5.083208127789105857e-02 4.663357335348293775e-01
1.703790674156960561e-01 9.761539759386594906e-02 4.542480029904465977e-01
1.223446956005468378e-01 1.123768932406002535e-01 4.464188088203717153e-01
1.136443568526571551e-01 1.470083611556971814e-01 4.276337914623100644e-01
6.929070340584138343e-02 1.657484455277111468e-01 4.126809519761137079e-01
3.491621178173708040e-02 1.510190088092244753e-01 4.118883139076295330e-01
2.564714259808475788e-04 1.736152521411630512e-01 3.913173365704196160e-01
-3.304896853569343901e-02 1.458433851410302351e-01 3.917156750647087793e-01
-6.464745989256213965e-02 1.559780453873678974e-01 3.780984559671587975e-01
-1.008684952972273841e-01 1.324879385520846553e-01 3.732386253638287910e-01
-1.062561622703663694e-01 9.900554340378378559e-02 3.817511543273386931e-01
-1.422222408440860786e-01 8.225437474565085172e-02 3.708957992766946377e-01
-1.371271431452697198e-01 4.242835072441822342e-02 3.813093974420370680e-01
-1.605074418404922321e-01 2.105135639591221644e-02 3.695599264555424202e-01
-1.602534947395702625e-01 -2.087743039935630734e-02 3.681435276650123489e-01
-1.369973928372439642e-01 -4.231929988187518865e-02 3.806417134639668576e-01
-1.428856334695562114e-01 -8.281957112633110685e-02 3.720733969166559185e-01
-1.078111465066282082e-01 -1.006645298324709420e-01 3.903863654887095858e-01
-1.037545561370295522e-01 -1.365344316214478215e-01 3.879768972200214328e-01
-6.725029146075950370e-02 -1.621444666411672453e-01 3.981683547801836420e-01
-3.419652670745420425e-02 -1.506567681632770550e-01 4.111746872134879882e-01
5.376812375385919498e-05 -1.790549202105146676e-01 4.095550802557191283e-01
3.531354054600268494e-02 -1.537606782556594776e-01 4.250254063789831172e-01
6.926621745277036779e-02 -1.666718436342445042e-01 4.177402042590940834e-01
1.107262370846073679e-01 -1.442194868306613253e-01 4.189453170421969519e-01
1.192125130675051325e-01 -1.099419292888175193e-01 4.372269839835208338e-01
1.631875177554909517e-01 -9.372162619056421951e-02 4.313899871499035088e-01
1.604816937248918218e-01 -4.900245047522453629e-02 4.524054981299798217e-01
1.930944588904131287e-01 -2.454476984487772087e-02 4.485066780765603056e-01
2.667194284223284861e-01 2.544216740330479745e-02 4.209804279046552855e-01
2.414410897153441427e-01 5.140055928114781875e-02 4.396043933239613399e-01
2.513089288029596302e-01 1.002316080848753149e-01 4.295888812204021745e-01
2.122237941865043054e-01 1.216237483637345185e-01 4.379933690713926908e-01
2.074793252383645148e-01 1.621969726023916869e-01 4.190886987055406632e-01
1.569342597196665690e-01 1.728200897476200593e-01 4.165583152665327527e-01
1.458032483725942574e-01 2.033762872876827277e-01 3.963220634321285574e-01
1.013837100417420423e-01 2.202160597553818877e-01 3.832811477455178029e-01
6.816106794199856822e-02 2.083999465873331569e-01 3.885645600937256416e-01
3.378657631789427213e-02 2.338756875139209046e-01 3.704207213006159849e-01
2.564714259808475788e-04 2.138204297862374148e-01 3.739661358457940787e-01
-3.283137171561913842e-02 2.286879470854440988e-01 3.567201994761232675e-01
-6.442986307248783906e-02 1.986174296867073419e-01 3.604541811031988230e-01
-9.459125617334376845e-02 2.069446731908965165e-01 3.486145917121025728e-01
-1.305732379949343103e-01 1.841674357522372352e-01 3.450901290649130426e-01
-1.366328802987436253e-01 1.523500854127648185e-01 3.520698878526792308e-01
-1.744409588679182999e-01 1.376012113913248625e-01 3.396873161414208364e-01
-1.746426524401217262e-01 1.009878958725117376e-01 3.500006986019262301e-01
-2.042201691548617970e-01 8.176389838671307975e-02 3.407185029279677924e-01
-1.951800562540486894e-01 4.165338293134617648e-02 3.498641326162415521e-01
-2.160125536673571656e-01 2.065301790162306361e-02 3.375444165989489598e-01
-2.154983486528660452e-01 -2.044046973166649753e-02 3.357104944436823390e-01
-1.944119041386355995e-01 -4.136889149721190151e-02 3.466138116704449157e-01
-2.040454858607882171e-01 -8.186865787665603689e-02 3.374585895469474628e-01
-1.757753170940351828e-01 -1.018774680232563401e-01 3.504199889942039570e-01
-1.776882506236442949e-01 -1.404602619529971841e-01 3.446443332595171549e-01
-1.407419766295666952e-01 -1.572722668450487749e-01 3.638882729132809080e-01
-1.359596428055439010e-01 -1.920243974979595758e-01 3.605205708522469799e-01
-9.916583804502183963e-02 -2.168428041792184180e-01 3.662624006311449576e-01
-6.744390719277457147e-02 -2.077007085460270963e-01 3.798215602523410950e-01
-3.439014243946927202e-02 -2.376604080746795578e-01 3.720733969166559185e-01
5.376812375385919498e-05 -2.205023182170573470e-01 3.888005844867295502e-01
3.391026824577873799e-02 -2.371605917130239771e-01 3.762324748836445298e-01
7.646029143803431682e-02 -2.235686158660626088e-01 3.725923981487588299e-01
8.821152945207016982e-02 -1.995352742781112687e-01 3.880655010295876450e-01
1.372551264257542425e-01 -1.933385611236055068e-01 3.696934632511564289e-01
1.480324798320793722e-01 -1.643782418857583083e-01 3.895654549795661836e-01
1.918355779835563546e-01 -1.505833103040640497e-01 3.777283899135288614e-01
1.985043399240701556e-01 -1.142042521507137809e-01 4.012712551425424712e-01
2.341581594880080552e-01 -9.336342446471104783e-02 3.894851814426942838e-01
2.314541024849501583e-01 -4.842311787421464675e-02 4.157050933966358608e-01
2.607016899144963817e-01 -2.382735666314782924e-02 4.086710616201039703e-01
3.182050574579600721e-01 2.513899596373491904e-02 3.578470581824013119e-01
3.015667261299584401e-01 5.053017200085061639e-02 3.847159741089775098e-01
3.097940063618165873e-01 1.009863812774764308e-01 3.693928161366454299e-01
2.848145477418019822e-01 1.247294254836581184e-01 3.956417578287639847e-01
2.825512378940221447e-01 1.729215676149865044e-01 3.808126102704521010e-01
2.443011500070399744e-01 1.889969744548608555e-01 3.958550632962382076e-01
2.289080682305772996e-01 2.271137779787349154e-01 3.707425727456214459e-01
1.809552321148295007e-01 2.308699736663284152e-01 3.737399563205196507e-01
1.608459538308862902e-01 2.611070965189503656e-01 3.490863880656047691e-01
1.137044357890581864e-01 2.575306327755481628e-01 3.562042274340909698e-01
9.222015764555034634e-02 2.821208404714854456e-01 3.361234740233129403e-01
4.552494027412989919e-02 2.702820083779069460e-01 3.450565555416301167e-01
2.313998294961844976e-02 2.897690405348394838e-01 3.280441192399044525e-01
-2.277496554610633842e-02 2.868988829429081622e-01 3.240604818645070329e-01
-4.430266208062668548e-02 2.644313801889717763e-01 3.341918604882682109e-01
-8.818754836401095087e-02 2.706853955223137986e-01 3.167073754005345076e-01
-1.068776510998593332e-01 2.432692059229752957e-01 3.273961249972934251e-01
-1.478949041163711009e-01 2.414481578255089356e-01 3.124008768501080335e-01
-1.615196961890977556e-01 2.078779161651595209e-01 3.221594126626746157e-01
-1.984250761172217381e-01 1.987194124190855837e-01 3.082945572768497899e-01
-2.052866964922329396e-01 1.602600579847233420e-01 3.188427019678297669e-01
-2.370265500523981717e-01 1.456909159074746829e-01 3.063488075214753636e-01
-2.357583291428235750e-01 1.038080718282775317e-01 3.179112260211079954e-01
-2.624371633924671432e-01 8.564504816472047477e-02 3.063897015874290086e-01
-2.517315008178138136e-01 4.260050969343292387e-02 3.168772624769962687e-01
-2.723865381794840501e-01 2.199848315799896731e-02 3.033827255773070553e-01
-2.724801906391679518e-01 -2.192653989382127230e-02 3.031838087626683720e-01
-2.513109482630066505e-01 -4.241800099167686994e-02 3.148444235070909092e-01
-2.628875029829689791e-01 -8.589975256316012553e-02 3.050258087581234068e-01
-2.367084850949809638e-01 -1.044219876825938781e-01 3.167366575712173837e-01
-2.412951837269416144e-01 -1.486292302759954220e-01 3.108771942445761605e-01
-2.105451180223579799e-01 -1.646586943997983832e-01 3.258234704856194930e-01
-2.065463346966073810e-01 -2.070335294329686271e-01 3.211332745262453492e-01
-1.689071334738709018e-01 -2.175872276390781457e-01 3.365864352391090275e-01
-1.565861552940488455e-01 -2.557524982040824679e-01 3.316455738013894816e-01
-1.131614534688959867e-01 -2.572075191680131545e-01 3.461311607191896456e-01
-9.372314078559954020e-02 -2.867340445165641460e-01 3.364887438593309743e-01
-4.667376060842008678e-02 -2.763290290564218155e-01 3.488718204356011099e-01
-2.409720701194066964e-02 -2.973165200283447440e-01 3.363698481490583481e-01
2.287265692588447488e-02 -2.932526091160754245e-01 3.329933109503183664e-01
4.507409581861632208e-02 -2.707040755277493882e-01 3.451918593647853584e-01
8.928714435965322271e-02 -2.751625384467196178e-01 3.267582280549178320e-01
1.088059830123275229e-01 -2.481270170662582264e-01 3.391319646284701728e-01
1.499648506646417689e-01 -2.448885604482382294e-01 3.210025144881960557e-01
1.666627560640326078e-01 -2.141334460935368778e-01 3.360909102300536078e-01
2.053397073184691779e-01 -2.053578824588929708e-01 3.211196431709274490e-01
2.197351758316677672e-01 -1.707680659072673690e-01 3.428851311259930035e-01
2.559713571866862325e-01 -1.566522926105911595e-01 3.317970333049214959e-01
2.637255789025126917e-01 -1.156267093213851072e-01 3.548542183926090554e-01
2.949848009714696739e-01 -9.557851970386650742e-02 3.437098281227247698e-01
2.946649689865112887e-01 -4.871947363612558896e-02 3.713067593962781077e-01
3.173210388223450251e-01 -2.484112560678866308e-02 3.567472097542531695e-01
3.614111527330150508e-01 2.489034994543655802e-02 2.939869352756996901e-01
3.462596488646859094e-01 4.997835454298237001e-02 3.162262390443145166e-01
3.553782682748298227e-01 9.994383502816452103e-02 3.010371227326082422e-01
3.355509570999620217e-01 1.255606857255428810e-01 3.273347838983629576e-01
3.353076121642872831e-01 1.736558937746107978e-01 3.113823116888553844e-01
3.072873515783619558e-01 1.972737314578726919e-01 3.386111963688260285e-01
2.982288111046191292e-01 2.424970148874680265e-01 3.207720436103215222e-01
2.580996156438166156e-01 2.562616545684558433e-01 3.378609669613308886e-01
2.373539550125332021e-01 2.903195958301783008e-01 3.097165095825093473e-01
1.880531293153506200e-01 2.914088420930792678e-01 3.179445471118850230e-01
1.671739318884531145e-01 3.218330174325631510e-01 2.970014842609982053e-01
1.184824782604809168e-01 3.161214795543715872e-01 3.080625718039399774e-01
9.602254848172112056e-02 3.411688425184696838e-01 2.892136890218888201e-01
4.737527054227912843e-02 3.266552355925160800e-01 3.002621549395362299e-01
2.407675997896384715e-02 3.473559632377517525e-01 2.839779864172936041e-01
-2.361203173562650970e-02 3.434369485838613123e-01 2.810038266329369372e-01
-4.622846966803601659e-02 3.198660633466943737e-01 2.933043577797821433e-01
-9.150249203131459452e-02 3.264199684970297000e-01 2.747662194124775303e-01
-1.119338741927691505e-01 2.997068034265855663e-01 2.880378584094687722e-01
-1.551129591896942828e-01 2.992895324943549706e-01 2.710897923967441892e-01
-1.723838863774478647e-01 2.684470764926167874e-01 2.847640612406246441e-01
-2.119261762620639200e-01 2.609407434975710705e-01 2.678856665995247854e-01
-2.243425739291111110e-01 2.247833210843892260e-01 2.816576268231833491e-01
-2.613933549806258250e-01 2.129217700652809020e-01 2.681613228959530693e-01
-2.672157107289016564e-01 1.722887193227286007e-01 2.823043589032650513e-01
-2.992617649187074291e-01 1.556004063585614272e-01 2.685525932800774118e-01
-2.957514384918474848e-01 1.108395792797504803e-01 2.810755174646087373e-01
-3.241887175774975094e-01 9.125889466313394371e-02 2.688138609236701004e-01
-3.115294798397873488e-01 4.546233701267000937e-02 2.806335081468012138e-01
-3.349741488240109977e-01 2.351484522086014217e-02 2.678200341479942681e-01
-3.350211012701059254e-01 -2.342195005869385227e-02 2.678621903764773493e-01
-3.116700847455661783e-01 -4.539948131870422121e-02 2.804767475606455562e-01
-3.269621935196742601e-01 -9.221839061800915505e-02 2.716928536533074201e-01
-2.993488541332383068e-01 -1.122272007646094583e-01 2.845813001063626779e-01
-3.074516851396942307e-01 -1.599223032918469511e-01 2.779695879121792390e-01
-2.755770326213855537e-01 -1.778020976837991762e-01 2.925546332372988001e-01
-2.745849728732508988e-01 -2.234623417810843171e-01 2.854171041333534720e-01
-2.363043406530564439e-01 -2.366643094064508346e-01 2.990494691812566885e-01
-2.273101704683146984e-01 -2.795657186469006072e-01 2.918983087219934602e-01
-1.852311863320436069e-01 -2.881002092384227220e-01 3.090412526292624640e-01
-1.691588086822398973e-01 -3.253880244129650490e-01 3.012193790018584116e-01
-1.210754649609486894e-01 -3.225668387271756754e-01 3.141812833141267025e-01
-9.891794932424113895e-02 -3.496129622728843533e-01 3.005890550346594359e-01
-4.898907155241254835e-02 -3.347676590341956415e-01 3.103945432933208903e-01
-2.505039215416870330e-02 -3.521415786843510309e-01 2.925086905212274102e-01
2.338029869522255041e-02 -3.454824091790609231e-01 2.867093061309872737e-01
4.641148323480385335e-02 -3.240445786166362141e-01 3.012186217043407721e-01
9.232516956799920183e-02 -3.293681277332800583e-01 2.828261368929327335e-01
1.129993918001167275e-01 -3.030346211516894428e-01 2.961671948290427459e-01
1.559475010541556128e-01 -3.010744827434794768e-01 2.774013623414283702e-01
1.733941212660063402e-01 -2.699639434204897381e-01 2.898629454270292838e-01
2.135654729552918796e-01 -2.627484126722253732e-01 2.730004540338004104e-01
2.288131536083639062e-01 -2.288974660653300131e-01 2.891687560358410236e-01
2.663975769773229141e-01 -2.169445344790907337e-01 2.752688125316978818e-01
2.791603120424466233e-01 -1.792891775759774819e-01 2.961316018457127441e-01
3.155545161461501547e-01 -1.630751852903713772e-01 2.866600817923393718e-01
3.236247833593466905e-01 -1.203901107074664134e-01 3.111811229816637270e-01
3.494862411549292669e-01 -9.801247392562567606e-02 2.953695081104409370e-01
3.435023286028859313e-01 -4.932253489268882685e-02 3.133386636094770417e-01
3.595378511068301752e-01 -2.443041791971106366e-02 2.921992082690103576e-01
3.955208426584442827e-01 2.390561073997269151e-02 2.287071319558915128e-01
3.849704260749112761e-01 4.874496931922014248e-02 2.527041232629951284e-01
3.923500379520019621e-01 9.696866551378434396e-02 2.339069891446508564e-01
3.779093840202496501e-01 1.230795266251829001e-01 2.600006848456490882e-01
3.767794961239008811e-01 1.697810548092505145e-01 2.395793999844299804e-01
3.540050354428063706e-01 1.947405712613000384e-01 2.646633656618815889e-01
3.458247076570432066e-01 2.392825393575072901e-01 2.435824746627806292e-01
3.180687439047812926e-01 2.634211453004133285e-01 2.724622679312500018e-01
3.075397840842485908e-01 3.080850382969638757e-01 2.557885960524242663e-01
2.669541906528030140e-01 3.212188491457409478e-01 2.759539143526743010e-01
2.460492451103051259e-01 3.554943872275376782e-01 2.519299127674407557e-01
1.955698120431377252e-01 3.550193092514589699e-01 2.647494451463889287e-01
1.747115665142288110e-01 3.877322901218173135e-01 2.466525587993741997e-01
1.238557565807843902e-01 3.795933612670195911e-01 2.600557151319323745e-01
1.004719238304794260e-01 4.055323158419092966e-01 2.412722123689059472e-01
4.934020516810089935e-02 3.878085247385950618e-01 2.541460177366197670e-01
2.510491757544022068e-02 4.110088390571204342e-01 2.381155438827932402e-01
-2.488328183527173387e-02 4.078231408328307772e-01 2.370399289752101735e-01
-4.833678595720142246e-02 3.807038118604149646e-01 2.500962430446800888e-01
-9.563430728766746103e-02 3.881031134729647780e-01 2.306665130665837837e-01
-1.161835754293711054e-01 3.573901553467465075e-01 2.430359582875360192e-01
-1.611195906672673872e-01 3.581325593465591872e-01 2.245021112728314838e-01
-1.796175922661360502e-01 3.267451015646117285e-01 2.392843063850484953e-01
-2.227976869930847481e-01 3.229568469487706373e-01 2.230751103170542093e-01
-2.378353438012590360e-01 2.879949448834680514e-01 2.380022016876501556e-01
-2.779473738516612946e-01 2.784590545410934870e-01 2.221365662601675894e-01
-2.890889873639808094e-01 2.395433021360881820e-01 2.385237272448119672e-01
-3.289384876082609432e-01 2.271486136645472498e-01 2.264425599455822669e-01
-3.332889094147116760e-01 1.838387686295728241e-01 2.423283899735357294e-01
-3.682853947333206701e-01 1.662109018784954928e-01 2.288353676688819061e-01
-3.626955293229665034e-01 1.183918549908676010e-01 2.427979144344849238e-01
-3.961125444522426431e-01 9.796047282941301726e-02 2.315389198069280619e-01
-3.810504016909973535e-01 4.888002070986951358e-02 2.447413922973063205e-01
-4.100405079645391693e-01 2.541616685519847152e-02 2.332019451557094114e-01
-4.098731452131363917e-01 -2.528540681714918498e-02 2.330969332332605559e-01
-3.809299913856893927e-01 -4.875834824203213735e-02 2.446785366033405462e-01
-3.990339458428689978e-01 -9.887023958062855777e-02 2.339433394254984977e-01
-3.684171645013935015e-01 -1.203527506965951926e-01 2.483430992912971924e-01
-3.789130556636550184e-01 -1.708516210667158364e-01 2.385201931897295846e-01
-3.455609156883917010e-01 -1.904123635153673610e-01 2.552582353575563734e-01
-3.439471146782582811e-01 -2.370033262618566061e-01 2.410897036671499072e-01
-3.048458243814262669e-01 -2.521735101356213926e-01 2.566635271178274169e-01
-2.946798625043586251e-01 -2.946377062758755438e-01 2.402125007091937547e-01
-2.554248408114416224e-01 -3.088279471617882410e-01 2.618149172654564705e-01
-2.409629825491947375e-01 -3.487243998521632471e-01 2.476774347732741133e-01
-1.967759345562641593e-01 -3.567499865118179403e-01 2.699389526024069119e-01
-1.767343081838985974e-01 -3.912782095320072040e-01 2.547563995358536615e-01
-1.269596666731667711e-01 -3.869623709788629351e-01 2.724445976558379501e-01
-1.024643735994428401e-01 -4.104550021392050496e-01 2.523797474929307949e-01
-5.048397685227334897e-02 -3.904795130833818018e-01 2.626383520996588006e-01
-2.559211231180147719e-02 -4.058478564742676320e-01 2.405560613497054745e-01
2.380564746764157399e-02 -3.978588725279665894e-01 2.349083888955032229e-01
4.734447377656095246e-02 -3.758313596317906513e-01 2.511912952552163847e-01
9.383042460060136980e-02 -3.813608936732379440e-01 2.301197442588332476e-01
1.157799358524582989e-01 -3.563354923371520599e-01 2.472452703231960980e-01
1.607492721811316916e-01 -3.569345146736210839e-01 2.278208414277234362e-01
1.802426151507114382e-01 -3.280070116615391718e-01 2.446358755098456961e-01
2.229774189372761006e-01 -3.230719561714549548e-01 2.262070404175899885e-01
2.388536565300058423e-01 -2.889238965051308949e-01 2.421100358559437893e-01
2.783371296407502471e-01 -2.787864595012284896e-01 2.253048466415510931e-01
2.906333694349954033e-01 -2.406580440820836608e-01 2.422953213152645724e-01
3.288155529778940545e-01 -2.268737146656366610e-01 2.289575450017310998e-01
3.409739646239250965e-01 -1.869462127770376014e-01 2.524595161647910091e-01
3.726916041235723287e-01 -1.676124071511781999e-01 2.378901216550364517e-01
3.731336134413798522e-01 -1.213637428826712800e-01 2.562790724113619967e-01
3.911658770668876017e-01 -9.659380324254265848e-02 2.335338939009503345e-01
3.835540272843812049e-01 -4.835041731251929487e-02 2.514848742595626185e-01
3.959777454940991426e-01 -2.386900802661912763e-02 2.292756099591482521e-01
4.282840575974740105e-01 2.442107791699325500e-02 1.642999878089334564e-01
4.164358855011777716e-01 4.827569729077683947e-02 1.862507612233198495e-01
4.236168329961356172e-01 9.728445857864854995e-02 1.663280305612269139e-01
4.100814020304928142e-01 1.211380682224085931e-01 1.899872671754542219e-01
4.103976999603687337e-01 1.707377740065610106e-01 1.698537553709459080e-01
3.915364479855291679e-01 1.932698994820043481e-01 1.933521924789234070e-01
3.835641245846166947e-01 2.420666174649312719e-01 1.724631501842963099e-01
3.606268449372251883e-01 2.631197408883846900e-01 1.976094666907019515e-01
3.476389400768506444e-01 3.118760696703697377e-01 1.787042914598381271e-01
3.223078429761359054e-01 3.327027611360428017e-01 2.080036275530911249e-01
3.047499000291892801e-01 3.830529487601962435e-01 1.914589486847734501e-01
2.690768955948039665e-01 3.927107640029139923e-01 2.152199155988730739e-01
2.394011826352740180e-01 4.326463437317014660e-01 1.928495993597030556e-01
1.955152866218662078e-01 4.281429478266834954e-01 2.114627101812560084e-01
1.631264290890663826e-01 4.661989151166387457e-01 1.925050289891677702e-01
1.189388762311240078e-01 4.517272119866624358e-01 2.089113748442595619e-01
8.200951521494079244e-02 4.822528651935127919e-01 1.893349815802430613e-01
3.930727522163555282e-02 4.592582833672850251e-01 2.056653452510629754e-01
2.138103324860012565e-04 4.825280166249292235e-01 1.868495311272830028e-01
-3.871330153528423218e-02 4.517734071352396130e-01 2.026631654585528963e-01
-7.863247315118905567e-02 4.642440777910525340e-01 1.815211857930273676e-01
-1.120999747816425751e-01 4.276931131011934006e-01 1.964682193315883674e-01
-1.509697844705765180e-01 4.325572350571234015e-01 1.749634941551036771e-01
-1.794401322144976996e-01 3.937096394287074586e-01 1.906279408753945581e-01
-2.187330187832977335e-01 3.961897887990439848e-01 1.720158397838651432e-01
-2.435925719630161190e-01 3.568244541010544557e-01 1.896808141133078107e-01
-2.840140842656354025e-01 3.562794523208452357e-01 1.733524699025350280e-01
-3.033312293461062903e-01 3.128759548261867973e-01 1.908811306787989159e-01
-3.432529252870699654e-01 3.070652109731817347e-01 1.750627001299171204e-01
-3.577185700369050481e-01 2.602536222165475199e-01 1.942369684120561490e-01
-4.023052186866542534e-01 2.523050274711883256e-01 1.821987146388271417e-01
-4.085216215766191428e-01 2.015721521681107520e-01 2.009112838676994917e-01
-4.498059481843590945e-01 1.865837196985843383e-01 1.871539647293823383e-01
-4.429867364703367616e-01 1.307910872475145092e-01 2.038190539030079462e-01
-4.829457924221716714e-01 1.107312857347251128e-01 1.908397317478334743e-01
-4.650617066776193687e-01 5.443681746195258575e-02 2.070201505101566808e-01
-4.985193634403433105e-01 2.907164197294321087e-02 1.922288678277277729e-01
-4.960753119183486382e-01 -2.859706886187629235e-02 1.909263160973526108e-01
-4.624502924042219187e-01 -5.393346704521458090e-02 2.056125868573326632e-01
-4.790154183055163606e-01 -1.098412087189687414e-01 1.884996824182640918e-01
-4.445422255716103277e-01 -1.313050398294997312e-01 2.052488316163499638e-01
-4.525102576199228621e-01 -1.877214330026155120e-01 1.887268716735621132e-01
-4.174978690534429382e-01 -2.057855031238650101e-01 2.075984733811430394e-01
-4.101924723330829803e-01 -2.571179056284234044e-01 1.867952581385174116e-01
-3.699938579331616406e-01 -2.687749863177635312e-01 2.035484462566974351e-01
-3.526206955805240018e-01 -3.153280841883698282e-01 1.805046400918217941e-01
-3.164079904485529449e-01 -3.260206202727169988e-01 2.015948710936405486e-01
-2.961222618429950049e-01 -3.718159157606514831e-01 1.820391772951067966e-01
-2.599322756365538556e-01 -3.803294544541850897e-01 2.065193244184775623e-01
-2.333453268190529839e-01 -4.217983092237280185e-01 1.873039096378789903e-01
-1.943344073593284149e-01 -4.247214776418956061e-01 2.132794669261223464e-01
-1.602333001390993106e-01 -4.554311541455373091e-01 1.907294187427610033e-01
-1.181379078899456314e-01 -4.454805171959910770e-01 2.121415011895852187e-01
-7.956975504554623935e-02 -4.647080487368721591e-01 1.859352205909615141e-01
-3.900435621457155194e-02 -4.450508770709719619e-01 2.040911761443537364e-01
-6.083623391868529622e-04 -4.576028309936802652e-01 1.787252433578267186e-01
3.676805664492162340e-02 -4.319130273021006272e-01 1.959928889230037607e-01
7.439791786494030779e-02 -4.404962373672589027e-01 1.726610572689114553e-01
1.079214595117006792e-01 -4.119716166345721575e-01 1.905050062450277804e-01
1.454271239388231218e-01 -4.166398509659341998e-01 1.684224630625685282e-01
1.763054253563972051e-01 -3.866281503410690101e-01 1.886127721809013613e-01
2.149788425557513372e-01 -3.894003641207162691e-01 1.694846990473395931e-01
2.421574931670504582e-01 -3.547716729631841259e-01 1.902639332019060159e-01
2.801248566474395796e-01 -3.518154358867454090e-01 1.714036909570899880e-01
3.004282555284096268e-01 -3.099782820911137771e-01 1.905416089583813199e-01
3.367972163815244335e-01 -3.015270942265342868e-01 1.722372230915277524e-01
3.528882740367637605e-01 -2.565509422202019718e-01 1.936626844611639975e-01
3.831460963548684040e-01 -2.414100405171200336e-01 1.742448188108443874e-01
3.907910147956459301e-01 -1.923990073366953490e-01 1.949702848416569045e-01
4.128950147411055704e-01 -1.713153395800296463e-01 1.724462372064018978e-01
4.128278676945396630e-01 -1.217587997543839035e-01 1.926208955093697550e-01
4.273167362349164500e-01 -9.807028096947373319e-02 1.687016534140791946e-01
4.180784638169822709e-01 -4.842387517173231404e-02 1.874053875052454354e-01
4.294697330776237054e-01 -2.450387577892408283e-02 1.648861360876022752e-01
4.655196192432977664e-01 2.519200678997111920e-02 9.896162014775952698e-02
4.517489211821686390e-01 4.956209334077527062e-02 1.214301326317194507e-01
4.590545703350344398e-01 9.969291711731317895e-02 9.956114734924034759e-02
4.427706542452977123e-01 1.235606629814028773e-01 1.225082718643613899e-01
4.444543790595618105e-01 1.744071329121294756e-01 1.008992920629455392e-01
4.256168557402755792e-01 1.977306342935275518e-01 1.245855389553027354e-01
4.209890106098553852e-01 2.488898680990477286e-01 1.031416500127367575e-01
3.977975314290360664e-01 2.706937257950080555e-01 1.275208241337528470e-01
3.862106269763325161e-01 3.209139106786298989e-01 1.062200644220245849e-01
3.589893152715384339e-01 3.410431311305380797e-01 1.322572152417042513e-01
3.424050044997966058e-01 3.917787831911804797e-01 1.116910341221061809e-01
3.134966863581620800e-01 4.129619093551655240e-01 1.415934314719224096e-01
2.843897038343947692e-01 4.524246830004272080e-01 1.175154093304291159e-01
2.459672045458919376e-01 4.624513021342454011e-01 1.450106103041101380e-01
2.074189938694576130e-01 4.908179001182471635e-01 1.165720690559306494e-01
1.684641144260398127e-01 4.990689090056586452e-01 1.454533769194353565e-01
1.285575644354293445e-01 5.270116728122766769e-01 1.187114345433201157e-01
8.629051808227268527e-02 5.246673321301071891e-01 1.461866933490360843e-01
4.358827808896743872e-02 5.451055299692207923e-01 1.189514978564183145e-01
2.138103324860012565e-04 5.259607962902704825e-01 1.432839719638453746e-01
-4.327627151169151365e-02 5.393768266806288070e-01 1.165412722902124942e-01
-8.319544312759633020e-02 5.084147176711003580e-01 1.389648517881246215e-01
-1.265115989752179371e-01 5.171089980388487994e-01 1.137990979787656953e-01
-1.608184386877446193e-01 4.778024801147309208e-01 1.348507068071838066e-01
-2.043168508046163956e-01 4.833562476767433447e-01 1.116183335604108290e-01
-2.337610831562483005e-01 4.405911519894723516e-01 1.331190198168013261e-01
-2.777158932437631678e-01 4.429281721289710649e-01 1.116875000670237844e-01
-3.031093411734319121e-01 3.979818071583334227e-01 1.342559758233148326e-01
-3.444279986019723738e-01 3.928107272752450752e-01 1.123243872793758119e-01
-3.652544376351395949e-01 3.452976285847518811e-01 1.356024508097142811e-01
-4.060278408509647718e-01 3.352475332278862519e-01 1.135915984589268568e-01
-4.286129771526444032e-01 2.890665208709568557e-01 1.410135940059007720e-01
-4.630621887984911478e-01 2.718342158566040001e-01 1.176615677513375008e-01
-4.780387569402408943e-01 2.200842899873090286e-01 1.450893692459467865e-01
-5.015770783841484448e-01 1.952550287082970570e-01 1.178675526761410186e-01
-5.133033255801014993e-01 1.416946569067829564e-01 1.469528260044021262e-01
-5.317076747192861497e-01 1.142716516297855173e-01 1.191067438475386236e-01
-5.348077983240802080e-01 5.794310496871830918e-02 1.482023669085411055e-01
-5.428795801323120784e-01 2.892245436196419495e-02 1.185751209901413222e-01
-5.438224155417987760e-01 -2.898303816337699512e-02 1.186268696538480827e-01
-5.333065822115723442e-01 -5.763109839144239105e-02 1.469515638418726899e-01
-5.368863275775510591e-01 -1.160775537768986981e-01 1.191501622385511272e-01
-5.162201831856219059e-01 -1.429512659210867564e-01 1.460120100549625322e-01
-5.142893269480948160e-01 -2.005891799901880490e-01 1.196166575094296802e-01
-4.850525941163018051e-01 -2.238955159611858425e-01 1.455823699299434448e-01
-4.674333100704246013e-01 -2.737241780281774450e-01 1.171867422077646770e-01
-4.275855768536857004e-01 -2.888824975741655643e-01 1.395280287087577453e-01
-4.004854327517172741e-01 -3.317170122005553834e-01 1.100062995778186004e-01
-3.657191658784768595e-01 -3.465055181254195205e-01 1.342297228427026257e-01
-3.403100671334432503e-01 -3.896406798663204496e-01 1.086252413381127019e-01
-3.069258682299322860e-01 -4.042585414172051861e-01 1.353444647886981045e-01
-2.808745811899230338e-01 -4.498135211595356009e-01 1.125283527441322401e-01
-2.434840259854848532e-01 -4.588397502725249377e-01 1.400076504699424018e-01
-2.084564914686517223e-01 -4.916330046797551812e-01 1.147361274406169807e-01
-1.642166850819908597e-01 -4.853012401346000759e-01 1.394823384251922815e-01
-1.250144217828041693e-01 -5.100138775958924509e-01 1.132657080938271610e-01
-8.246288399551325587e-02 -4.993713231477107661e-01 1.383065078127722336e-01
-4.189748516453857541e-02 -5.184165984193417342e-01 1.126575981871461990e-01
-6.083623391868529622e-04 -4.963052779312113749e-01 1.349203781788085310e-01
4.008552463728413257e-02 -5.069135015585924942e-01 1.088673241112579904e-01
7.771538585730281001e-02 -4.767942646862196043e-01 1.293403576361838725e-01
1.181995014213819695e-01 -4.850063989677245169e-01 1.052605684671493735e-01
1.523876978561419238e-01 -4.533766059801258019e-01 1.264987249174177597e-01
1.941915305609965281e-01 -4.605272615743772890e-01 1.046933526264220565e-01
2.259043738430318859e-01 -4.265627203398328349e-01 1.274890176380111262e-01
2.662481369338380310e-01 -4.264375138169131385e-01 1.056207896530496348e-01
2.932899691269466036e-01 -3.863189205213579114e-01 1.287562288175621295e-01
3.344309140713429551e-01 -3.819248278913887629e-01 1.071560841538523323e-01
3.576347624449506268e-01 -3.389701553921968813e-01 1.314991604265266234e-01
3.914574366111867043e-01 -3.251055524388778428e-01 1.082026693232584075e-01
4.008777128658650435e-01 -2.725215895701333935e-01 1.295228663379399403e-01
4.262355678122038416e-01 -2.518541830156747485e-01 1.046655850507745150e-01
4.306079512466666759e-01 -1.996589662059957415e-01 1.268634898884239415e-01
4.526887274015847229e-01 -1.774105748671689631e-01 1.033145662792691044e-01
4.494646594364002379e-01 -1.253784294562927393e-01 1.249780715019564864e-01
4.639727128472243001e-01 -1.009346326137696842e-01 1.007273855264367163e-01
4.532160589063819467e-01 -4.970648473414243651e-02 1.219317160209162504e-01
4.658010814873613792e-01 -2.515161758902925357e-02 9.887705525828749398e-02
4.949890948455183404e-01 2.519200678997111920e-02 5.130842141649918919e-02
5.102890290273089935e-01 5.277379211317126395e-02 2.588442915361823318e-02
4.881252025779541648e-01 1.029046158897091584e-01 5.166864260239945744e-02
4.959922616239119675e-01 1.317372042795777187e-01 2.599221783363183519e-02
4.686053541952563406e-01 1.793719754379083375e-01 5.227574277905687461e-02
4.736623345856837419e-01 2.101212838449743048e-01 2.649152933027565382e-02
4.448835143195691288e-01 2.563156751247156473e-01 5.367118967159834053e-02
4.426860893558257071e-01 2.863932606336171971e-01 2.738766472617329764e-02
4.072046811934084687e-01 3.291876384915710663e-01 5.555736535558346983e-02
3.986128884230499270e-01 3.578468057498954691e-01 2.837770501426078312e-02
3.610345234342322018e-01 4.003087299975966462e-01 5.847422296110383472e-02
3.497798201592754452e-01 4.305917955662899033e-01 3.030452233169366599e-02
3.020433187010724829e-01 4.615246224051354762e-01 5.944331135120273224e-02
2.798509673785525842e-01 4.809679837385496537e-01 2.934679340435967718e-02
2.236491418354404903e-01 5.002346423178432033e-01 5.898035013540658955e-02
2.018213030514208750e-01 5.235051328730050413e-01 2.984156111589753024e-02
1.456846050948275295e-01 5.420311544800270331e-01 6.069133766030637700e-02
1.206160378002349570e-01 5.657764705787616810e-01 3.105778092925946463e-02
6.078675714753154630e-02 5.711951867501248170e-01 6.184268231965544399e-02
3.124230909106261167e-02 5.864625571386560265e-01 3.099290577524659376e-02
-2.944625181167901881e-02 5.737889307481102152e-01 6.135902163837659434e-02
-6.111693886523128505e-02 5.842287818940649080e-01 3.057412024798062192e-02
-1.182631144128654110e-01 5.585109581943318302e-01 6.059061709045760608e-02
-1.515440684214686973e-01 5.655939618770056132e-01 3.022450122732759509e-02
-2.032909651006929996e-01 5.297457692835350063e-01 6.020060886886270668e-02
-2.386787208034263641e-01 5.346111534019946099e-01 3.018411202638572946e-02
-2.836594165948646551e-01 4.905586519347016061e-01 6.017031696815631353e-02
-3.203921326889621612e-01 4.912538510559134597e-01 3.019420932662119847e-02
-3.557672667664011912e-01 4.384522913670946820e-01 5.977980388154965213e-02
-3.899027048074308333e-01 4.313912493124330005e-01 2.979359893977906459e-02
-4.193368398588273038e-01 3.756995898637178199e-01 6.032732998681781394e-02
-4.449683316415470880e-01 3.590834725962342433e-01 3.074173543188936375e-02
-4.661085442795314115e-01 3.013991109460497086e-01 6.065397764943515624e-02
-4.804010203303282212e-01 2.763853215052346490e-01 3.012024660239640689e-02
-5.008929862931955634e-01 2.219911651367768857e-01 5.990602013449298352e-02
-5.138013749142158471e-01 1.961933203326777786e-01 2.999377791694718756e-02
-5.328898161443533787e-01 1.420341786272004969e-01 6.010922830173174441e-02
-5.437378506523268262e-01 1.148219544926184221e-01 3.032345476963516778e-02
-5.506274910354914676e-01 5.803877688844934907e-02 5.969372439704229844e-02
-5.540499709503027281e-01 2.916731389267425770e-02 2.957827401225774158e-02
-5.530776009376272562e-01 -2.898303816337699512e-02 5.974547306074905889e-02
-5.598874726489319054e-01 -5.880642413885068392e-02 3.037520343334193171e-02
-5.542120326190820290e-01 -1.172528795243069910e-01 6.145519842311941705e-02
-5.586273295795456395e-01 -1.489483049634361678e-01 3.128799937462809627e-02
-5.393707683004874687e-01 -2.054108932851291813e-01 6.258761064452697531e-02
-5.372818893142754515e-01 -2.372852933709319878e-01 3.150761565474949344e-02
-4.945811639160055395e-01 -2.822922421429824857e-01 6.014103479747346520e-02
-4.775326297659380770e-01 -3.069278876899794173e-01 2.884142352757457922e-02
-4.232846318183887124e-01 -3.411943382015641957e-01 5.636540180692667379e-02
-4.091716352792772460e-01 -3.668942391933792679e-01 2.773198266420270550e-02
-3.609633374675722539e-01 -4.005520749332713848e-01 5.576839893050471869e-02
-3.489457831598259396e-01 -4.303969176717454270e-01 2.824442065115262412e-02
-3.022412257856876838e-01 -4.650405023471248511e-01 5.828515101419472905e-02
-2.898919751652063170e-01 -5.011719242122003592e-01 3.024873474789271585e-02
-2.334977960526085361e-01 -5.187381974318413524e-01 5.922041344850480921e-02
-2.103456963427075277e-01 -5.414684824244057060e-01 2.917968308546270428e-02
-1.461021284595640513e-01 -5.390759271336120761e-01 5.847876674620979681e-02
-1.218203932858202415e-01 -5.656623710861010679e-01 2.950708804559770693e-02
-6.016728777808567213e-02 -5.556455968200123552e-01 5.864511976758910589e-02
-3.184057413001399606e-02 -5.796562194824339542e-01 2.934603610684201683e-02
2.712311546000407622e-02 -5.530354447091443415e-01 5.730546045884859357e-02
5.844822241299751225e-02 -5.705126092542073257e-01 2.816742873685719462e-02
1.118947471543567246e-01 -5.326028003851603909e-01 5.564950322023209939e-02
1.462816079712494777e-01 -5.491825673717962708e-01 2.769007886822551570e-02
1.943901949431293408e-01 -5.087368215486118839e-01 5.549577182414711790e-02
2.322616340712815863e-01 -5.224456736457988582e-01 2.801369734077221660e-02
2.724067327799549187e-01 -4.741109071486444004e-01 5.534305015808569511e-02
3.110955483621681839e-01 -4.799585061475089010e-01 2.753735720216408944e-02
3.460778974604475366e-01 -4.278910201858084905e-01 5.621495203341821817e-02
3.810630233162916602e-01 -4.239871514822712850e-01 2.888559921610474313e-02
4.032387140934230452e-01 -3.641563562345325189e-01 5.653024023327065523e-02
4.281883856777429775e-01 -3.477141649636048548e-01 2.785264540201652650e-02
4.417649631418452683e-01 -2.879959546134915338e-01 5.466779320483886734e-02
4.647042622492838504e-01 -2.691142556056751456e-01 2.702315218767295871e-02
4.712556430745603597e-01 -2.107240926690316096e-01 5.347202042445375891e-02
4.935767349750824207e-01 -1.900506277344317374e-01 2.665687262163141114e-02
4.895178727129308460e-01 -1.322933130900460219e-01 5.224873250092699345e-02
5.064762884583967617e-01 -1.086514943187249088e-01 2.579986426414620018e-02
4.935161511736697038e-01 -5.273794669733535001e-02 5.122385652702715619e-02
5.108517010829303207e-01 -2.753533774211699633e-02 2.563199664773157041e-02
5.234145096033918643e-01 2.763277668938924486e-02 -2.754770693490543598e-02
5.174444808391721606e-01 5.454309154693087053e-02 -5.565455187034983736e-02
5.121860593090472591e-01 1.085166953605814222e-01 -2.789884055059378351e-02
5.003219839648799239e-01 1.337723151420359691e-01 -5.575855406277514109e-02
4.891851666701722001e-01 1.877421324680982606e-01 -2.765170912733074318e-02
4.728724732747643378e-01 2.103007633566597034e-01 -5.472206619360450719e-02
4.551522162265325133e-01 2.627575002424373252e-01 -2.686235268142315308e-02
4.332499098532763826e-01 2.816576268231834046e-01 -5.402610977487497940e-02
4.121919902122111456e-01 3.339525544726876793e-01 -2.695575270860121886e-02
3.897186815106393754e-01 3.513673681887966582e-01 -5.494521652880831469e-02
3.648848764465214001e-01 4.055446850346977050e-01 -2.778145943535648837e-02
3.428730143657104379e-01 4.237687973646793171e-01 -5.779038330265687945e-02
3.055756067559445288e-01 4.682592692296856929e-01 -2.980091948244977668e-02
2.754104271675003601e-01 4.755793070353870888e-01 -5.943043729340251324e-02
2.278579490060887724e-01 5.115585120994129431e-01 -2.942151342610212217e-02
1.986204588767780110e-01 5.175588327643387832e-01 -5.897454418777119817e-02
1.475152456275175827e-01 5.532507696366655292e-01 -2.934502637681846507e-02
1.165675252708246873e-01 5.522200877151304255e-01 -5.898969013812440515e-02
6.012386938707317552e-02 5.800131590457575648e-01 -2.943665937645532221e-02
2.872303268231373233e-02 5.700812021016469222e-01 -5.942967999588485983e-02
-3.182921466724909082e-02 5.869704513404998547e-01 -2.978501623457891628e-02
-6.151325789947334477e-02 5.729985645721790144e-01 -6.028896024592304836e-02
-1.240819361060588322e-01 5.773398988084178507e-01 -3.029593962649351768e-02
-1.493448764301840703e-01 5.534597837515398133e-01 -5.973133684041941754e-02
-2.121947644483272999e-01 5.465792309385870684e-01 -2.922739282907528199e-02
-2.307609228237853527e-01 5.142630739674826090e-01 -5.775453788682096551e-02
-2.939775952729818953e-01 5.029901955521020041e-01 -2.831914067289507606e-02
-3.049119616979685810e-01 4.649531607000881306e-01 -5.664131053586080045e-02
-3.654619371549783780e-01 4.461557741492379048e-01 -2.811416547811510652e-02
-3.686804516050333214e-01 4.053768174182831308e-01 -5.643002452843365324e-02
-4.187527110402055053e-01 3.739961753139945944e-01 -2.810785466546793926e-02
-4.135369506035753706e-01 3.326590903125244414e-01 -5.527161175891976558e-02
-4.540450472557137629e-01 2.927325981539489197e-01 -2.695575270860121886e-02
-4.481292914802598171e-01 2.571052840031291531e-01 -5.351821557303101939e-02
-4.873936531758946145e-01 2.149601625503157198e-01 -2.635445847957919308e-02
-4.826708934232610826e-01 1.835136355619907678e-01 -5.334959065909872927e-02
-5.199266496695557072e-01 1.375345692097707795e-01 -2.678712779466892874e-02
-5.122764301461545378e-01 1.072833101368191877e-01 -5.441763259150519949e-02
-5.395101110437370284e-01 5.569923242389177714e-02 -2.742250041198565289e-02
-5.251623522741508676e-01 2.658290989740661955e-02 -5.503735439345695118e-02
-5.465120838920212165e-01 -2.977239460928458523e-02 -2.740684959662068390e-02
-5.337723201849331467e-01 -5.715223392777539491e-02 -5.617279580493515084e-02
-5.515630059023073350e-01 -1.178816888964706738e-01 -2.855794182346385601e-02
-5.343541771110018601e-01 -1.436964466784641792e-01 -5.844620295295042262e-02
-5.393296218020280364e-01 -2.066374628312324657e-01 -2.968025674463595220e-02
-5.126997594585265272e-01 -2.278862214467480551e-01 -5.946451568169720814e-02
-4.936034928207065353e-01 -2.831696975334445088e-01 -2.957625455221064500e-02
-4.563563192796120105e-01 -2.954384221845480218e-01 -5.750059078589898204e-02
-4.261724596857321967e-01 -3.448965133328979471e-01 -2.771633184883772610e-02
-3.958343638307555978e-01 -3.568421243764665629e-01 -5.509541386981087890e-02
-3.668159851165544438e-01 -4.086846929754218705e-01 -2.717107763612254187e-02
-3.406286369558721994e-01 -4.221633266272401541e-01 -5.561895888701982177e-02
-3.104091843786623839e-01 -4.800069731886391078e-01 -2.823987686604666550e-02
-2.853757052023880858e-01 -4.961858773559270075e-01 -5.968312223179506742e-02
-2.417063962790309828e-01 -5.400811133720526680e-01 -3.123524098089778406e-02
-2.080303853987150453e-01 -5.398211078909894711e-01 -6.238515977480588171e-02
-1.523879502886477944e-01 -5.677949208958316119e-01 -3.094191440905748325e-02
-1.212862461033640676e-01 -5.705282600695722461e-01 -6.344259954196511397e-02
-6.239197545246481791e-02 -5.924063329222633012e-01 -3.229268074805700939e-02
-3.070992893614764296e-02 -5.911418985002770965e-01 -6.588185484634792588e-02
3.116657933929661145e-02 -5.958689496055107337e-01 -3.338116971344029515e-02
6.212944564634269307e-02 -5.873912563278129717e-01 -6.664470587913740030e-02
1.237979495369363331e-01 -5.786146829631456656e-01 -3.305553178084649768e-02
1.541976389233492839e-01 -5.708296644816009957e-01 -6.647128474759327055e-02
2.145527364858146047e-01 -5.551064009874385752e-01 -3.320774858189615847e-02
2.454918741373073865e-01 -5.469248110391459194e-01 -6.727149579125399348e-02
3.018895873049874945e-01 -5.201116826963707584e-01 -3.385574282450722061e-02
3.320027657972190460e-01 -5.078707256209146204e-01 -6.829611933264793933e-02
3.761938527102438590e-01 -4.638136803685156684e-01 -3.423237212329011819e-02
3.973689010340406003e-01 -4.407946125892169831e-01 -6.644553663199281868e-02
4.271877432244082229e-01 -3.845258924320449356e-01 -3.200516012385210690e-02
4.440939054411555675e-01 -3.595413851619126411e-01 -6.276557556117708103e-02
4.680338470019289043e-01 -3.038479586856562831e-01 -3.055241105247436667e-02
4.828973253810413535e-01 -2.785963778242958044e-01 -6.075545551680159445e-02
5.018888325289184715e-01 -2.231892098097149613e-01 -2.999504007947662032e-02
5.071338751362315378e-01 -1.948943026573849990e-01 -5.834194832801923442e-02
5.157801933278614026e-01 -1.381139018107806482e-01 -2.813890386369199970e-02
5.140419430923259814e-01 -1.092371377323819587e-01 -5.585043949491789311e-02
5.220735881321219019e-01 -5.457212128510782745e-02 -2.750353124637527208e-02
5.193364624707926813e-01 -2.698579217680173448e-02 -5.525924256613132940e-02
5.039517109670242911e-01 2.696130622373072577e-02 -1.088751495189404783e-01
4.910584682963571868e-01 5.343036906098246747e-02 -1.347848219231473632e-01
4.926871628243378876e-01 1.062677741656371522e-01 -1.094239377867380902e-01
4.747192694878312191e-01 1.315544431453157803e-01 -1.350897603902584676e-01
4.660413972329655041e-01 1.816176150102760678e-01 -1.084947337325692929e-01
4.430796316325030237e-01 2.045198065393492581e-01 -1.331361852272015811e-01
4.280084013010457822e-01 2.521030814664790287e-01 -1.065272747816886495e-01
4.046912107322948593e-01 2.744067555240949918e-01 -1.322572152417042235e-01
3.874594105829537449e-01 3.213761145969083466e-01 -1.077455140550976770e-01
3.629580591290885172e-01 3.440657579560249535e-01 -1.357122589497749832e-01
3.432054679759632410e-01 3.922811238778949328e-01 -1.129208852907860050e-01
3.126512898959476483e-01 4.107271243805509231e-01 -1.407137041889073847e-01
2.821536566972507321e-01 4.495348356730367034e-01 -1.152127200117309958e-01
2.418136800940328401e-01 4.552668205842051452e-01 -1.395777579124173884e-01
2.058329604349717068e-01 4.873116126114814817e-01 -1.133485059557580027e-01
1.645307111193138883e-01 4.888123238589777708e-01 -1.380919401827685189e-01
1.263704892044273109e-01 5.180288620902997465e-01 -1.133626421760876579e-01
8.389139954632585106e-02 5.135070386123520292e-01 -1.384057137875856491e-01
4.268759890796382933e-02 5.377663072930718435e-01 -1.140257823690519340e-01
-5.003212266673625827e-04 5.283238169778755600e-01 -1.408906593755339387e-01
-4.414893068454170399e-02 5.466668250181296873e-01 -1.167985010137110036e-01
-8.472114519317533454e-02 5.201025951261586400e-01 -1.398872401646344410e-01
-1.273484127322322135e-01 5.225542196233300407e-01 -1.128130966107724065e-01
-1.617802065351727769e-01 4.820115397178851291e-01 -1.333759961077939371e-01
-2.023428286085826866e-01 4.806009468749904423e-01 -1.088213813951866421e-01
-2.307023584824196560e-01 4.363535675131529068e-01 -1.294536998313269849e-01
-2.700548191226089800e-01 4.319786597536312556e-01 -1.067090261859270500e-01
-2.943105537482464396e-01 3.874061473242116915e-01 -1.287236650243027414e-01
-3.323862107736609839e-01 3.796016915397137925e-01 -1.069718084245550593e-01
-3.504457371098044782e-01 3.320608252735730570e-01 -1.287920742333980295e-01
-3.815242175045466255e-01 3.164988661506721868e-01 -1.054140474307284636e-01
-3.917813075162393521e-01 2.658619151998314889e-01 -1.264391508460284697e-01
-4.178782848398140959e-01 2.463948252108639769e-01 -1.028591780386495791e-01
-4.260596223556007978e-01 1.970871838360224448e-01 -1.256725133256506866e-01
-4.515878692434129316e-01 1.763511156399626412e-01 -1.033266830395516561e-01
-4.579160997334856820e-01 1.268854515164360985e-01 -1.283727838411202749e-01
-4.813489043899326081e-01 1.037967123655126334e-01 -1.060261962575036049e-01
-4.927275520252798469e-01 5.221263465258520892e-02 -1.066459180594553913e-01
-4.816793385401382799e-01 2.568071612136769294e-02 -1.310664911114368392e-01
-5.013743750819215084e-01 -2.732884795230170610e-02 -1.082238736537529111e-01
-4.899712414935032956e-01 -5.376963834889413735e-02 -1.346982375736282544e-01
-5.051603578052096255e-01 -1.094077821063613454e-01 -1.125354208542970746e-01
-4.844780577329037552e-01 -1.343294336825278379e-01 -1.379000914782946285e-01
-4.870420146951945362e-01 -1.898668568701462611e-01 -1.135951325140092810e-01
-4.541427386354918716e-01 -2.094725323048455823e-01 -1.359679730782381579e-01
-4.425533098577292823e-01 -2.597606215325508616e-01 -1.097616924796144394e-01
-4.023814533034320018e-01 -2.724408111682496414e-01 -1.297217831525786236e-01
-3.858463668703380756e-01 -3.200642228638153619e-01 -1.048397634798363259e-01
-3.490990096908991314e-01 -3.313151396511838098e-01 -1.265138708677709112e-01
-3.328996584906344092e-01 -3.815716748156532945e-01 -1.052174025086427545e-01
-2.975984871374201535e-01 -3.926211504633242422e-01 -1.297954934442974995e-01
-2.802939864263837011e-01 -4.493917064421990015e-01 -1.116402951884229583e-01
-2.397343935430444051e-01 -4.520932391201980538e-01 -1.356496556883150517e-01
-2.111401014387328245e-01 -4.986274045528628074e-01 -1.148424015255952585e-01
-1.636002449026156269e-01 -4.849793886895946149e-01 -1.364122542885986833e-01
-1.293888246773140793e-01 -5.289064312014619684e-01 -1.164556976707169095e-01
-8.400979039158670836e-02 -5.112053590236775857e-01 -1.393341605442367792e-01
-4.422516530131948009e-02 -5.515627534698015477e-01 -1.199102365137758724e-01
3.281622576526638458e-05 -5.249283473411940903e-01 -1.425620149970095174e-01
4.451091889798318435e-02 -5.560297990939718771e-01 -1.217971694952786760e-01
8.554811408246001947e-02 -5.203835525052105115e-01 -1.434531017427894406e-01
1.335663302172324929e-01 -5.439599912575071583e-01 -1.217163910933949378e-01
1.713302330978769827e-01 -5.064914344087499964e-01 -1.448061399743419131e-01
2.229006794554865001e-01 -5.251795176845512891e-01 -1.236247808378980878e-01
2.578837858512835202e-01 -4.843899587883492841e-01 -1.485562772817941857e-01
3.105881590253359859e-01 -4.938942950674878873e-01 -1.266433687432907684e-01
3.417878070229037335e-01 -4.475754545623444880e-01 -1.533613300313467487e-01
3.843774621185834794e-01 -4.385328173364724802e-01 -1.272272451294066131e-01
4.025218057767049884e-01 -3.811319373903986896e-01 -1.508107519918679418e-01
4.324194069089093428e-01 -3.584092253730108979e-01 -1.207894589317791284e-01
4.460520243893184578e-01 -3.024111128621493338e-01 -1.455886807425905705e-01
4.725900013006772427e-01 -2.782916917896906539e-01 -1.177678418363157786e-01
4.768013327963843695e-01 -2.211715167901628643e-01 -1.413442805886122589e-01
4.923536994840615466e-01 -1.931812956724381081e-01 -1.126788025176407027e-01
4.865310913032798168e-01 -1.355529740385604809e-01 -1.354123691327815959e-01
4.995730167199142757e-01 -1.083892169451086684e-01 -1.087870505743860350e-01
5.031131301824688373e-01 -5.372420049783453028e-02 -1.081958536455994713e-01
4.936984074429198177e-01 -2.668741695484370263e-02 -1.337049156629642466e-01
4.713402079640323650e-01 2.652005420344084180e-02 -1.859632405991149262e-01
4.573367671324757300e-01 5.238883254169410947e-02 -2.122899315030465917e-01
4.590871341282938833e-01 1.045858163789143286e-01 -1.867773354305994060e-01
4.416041636355954592e-01 1.293476781788545915e-01 -2.135387151096678759e-01
4.342745333946704256e-01 1.792184964743292752e-01 -1.864925915639592535e-01
4.103426696740855029e-01 2.009981206497244988e-01 -2.106534115673833751e-01
3.958305773431672336e-01 2.486031047723604726e-01 -1.830269456906412906e-01
3.706857754317969267e-01 2.691614604842760272e-01 -2.085362601405119642e-01
3.550450573670593801e-01 3.176547545951271534e-01 -1.857332745862521894e-01
3.250611243178417875e-01 3.344728178673200825e-01 -2.105461277523815178e-01
3.024199479998553319e-01 3.793298217308738174e-01 -1.883179310140256912e-01
2.661633196118601830e-01 3.896929333950390206e-01 -2.118055135242500886e-01
2.360546849047345519e-01 4.268222209558844016e-01 -1.885663245998182025e-01
1.956354444946682702e-01 4.286579101386922552e-01 -2.098420934934636106e-01
1.600921903683087122e-01 4.586032210145092325e-01 -1.855969610330733821e-01
1.197961370211150928e-01 4.575341693520791342e-01 -2.095866317975063065e-01
8.175556811401880897e-02 4.832214487185998997e-01 -1.871246825586994622e-01
4.055176747565678724e-02 4.768853928208447446e-01 -2.133198561270641669e-01
-5.003212266673625827e-04 4.977284923994004240e-01 -1.914657643624323446e-01
-4.019003169472119830e-02 4.751183652796380774e-01 -2.117060551169307192e-01
-8.076224620335481497e-02 4.791494599661422216e-01 -1.842196892809557507e-01
-1.154638903550882362e-01 4.414592673772165798e-01 -1.998505624779637335e-01
-1.538545831478492776e-01 4.418697226317883087e-01 -1.760810128586639267e-01
-1.829845370296523110e-01 4.023403068049724585e-01 -1.930851188876953062e-01
-2.192696902908127521e-01 3.982347445292317989e-01 -1.710124205729656732e-01
-2.439681915317754579e-01 3.577503765326467411e-01 -1.896083659841183156e-01
-2.796565943490198491e-01 3.512966870871483405e-01 -1.700642840808553324e-01
-3.005925890897419017e-01 3.097574036484629922e-01 -1.901503385742569774e-01
-3.333060748251119865e-01 2.983259976193855523e-01 -1.706299853265473843e-01
-3.484951911368182609e-01 2.535098878217853513e-01 -1.905986587047117098e-01
-3.758919434332034237e-01 2.366077645251322414e-01 -1.697858510268623611e-01
-3.857787149587603714e-01 1.899016925559586233e-01 -1.906183484401708650e-01
-4.098494165575829462e-01 1.698482018558163942e-01 -1.700849835463380533e-01
-4.173153603516868704e-01 1.223724631761943654e-01 -1.944808182127426566e-01
-4.398537966397774723e-01 1.001457810328738318e-01 -1.751144487936238670e-01
-4.522383878110829425e-01 5.052512335073287841e-02 -1.771884342619886865e-01
-4.428431023744872630e-01 2.489539859555428905e-02 -2.004730610374801936e-01
-4.608809195151244986e-01 -2.638979903040332767e-02 -1.808254818068037173e-01
-4.469890538511698264e-01 -5.155580527226812093e-02 -2.044486205726892269e-01
-4.553970757572426975e-01 -1.038572961669254335e-01 -1.836860469635113458e-01
-4.302573224959900799e-01 -1.260905415553990050e-01 -2.032987905083754876e-01
-4.264390284119484731e-01 -1.761683545057007028e-01 -1.798856755873876612e-01
-3.943402158284124437e-01 -1.935980617396569625e-01 -1.972616146975901263e-01
-3.818720694976584507e-01 -2.395824291745005941e-01 -1.733040028614047379e-01
-3.474632470527535544e-01 -2.524193793963550037e-01 -1.905524635561344493e-01
-3.312252736790882168e-01 -2.965286781774724711e-01 -1.686443512352428786e-01
-2.985587403898130598e-01 -3.077735365846996918e-01 -1.892849999440774922e-01
-2.811313050484097187e-01 -3.536094737060819226e-01 -1.717326105122602975e-01
-2.450458258994056004e-01 -3.586195016504145627e-01 -1.914102292111373171e-01
-2.209534151050767947e-01 -4.003327110856558235e-01 -1.734824726430666264e-01
-1.805321552349634096e-01 -3.958565778912735422e-01 -1.911388642673091387e-01
-1.517732771368137668e-01 -4.339690900625475245e-01 -1.748759000755609749e-01
-1.110326901467537930e-01 -4.226457251459895814e-01 -1.926847609333590394e-01
-7.748062362682821280e-02 -4.559549515952521781e-01 -1.770995780199166036e-01
-3.769599853656098454e-02 -4.382755886129739986e-01 -1.950614129762819893e-01
3.281622576526638458e-05 -4.668915899127918379e-01 -1.799477739838357959e-01
3.828340897775925344e-02 -4.443420465944422082e-01 -1.988082686611576944e-01
7.932060416223607469e-02 -4.667325574340832062e-01 -1.830784419218421943e-01
1.153414605897331718e-01 -4.384717286700479111e-01 -2.019164701061401113e-01
1.593328733906016204e-01 -4.546541668924182211e-01 -1.853808788080344161e-01
1.930116610284823009e-01 -4.225000715900930071e-01 -2.058173096196067031e-01
2.399921271315546834e-01 -4.335477802102227218e-01 -1.901740672298103396e-01
2.710648015786614184e-01 -3.961241563475134675e-01 -2.128218067929497914e-01
3.201561082959580862e-01 -4.006474944204964639e-01 -1.979219781329896177e-01
3.479408493538910796e-01 -3.571993163722961273e-01 -2.235724023536508898e-01
3.877168917389581804e-01 -3.467263965680704163e-01 -2.025952611144693771e-01
4.034108730624377803e-01 -2.930572263565190960e-01 -2.250877546864885059e-01
4.318484045805937033e-01 -2.714646546679859163e-01 -1.981024673746985820e-01
4.394839830186533791e-01 -2.164553202826823841e-01 -2.210001151186658241e-01
4.578989343230853160e-01 -1.902816034773180676e-01 -1.920627672388543206e-01
4.552175962455571878e-01 -1.340515054935466355e-01 -2.142281082832443728e-01
4.682973865380745115e-01 -1.073130971725138189e-01 -1.862431882481432321e-01
4.719245892151600064e-01 -5.311255653607115101e-02 -1.851269317071124465e-01
4.624596324069397135e-01 -2.637414821503835174e-02 -2.114755842390562413e-01
4.242203991177105338e-01 2.591976970444236084e-02 -2.515250110279985130e-01
3.959206957477687805e-01 5.020630109579803102e-02 -2.654045074991648323e-01
4.115540932698356080e-01 1.014372257329900079e-01 -2.529308076532813532e-01
3.810612562887504273e-01 1.238345522502899004e-01 -2.685318938145947465e-01
3.871794629339254667e-01 1.735246288715497354e-01 -2.533006212744053354e-01
3.509430291464011864e-01 1.925527387327803652e-01 -2.666742430037747913e-01
3.489614339751909156e-01 2.405845862228706833e-01 -2.495363477466234492e-01
3.121613184020216591e-01 2.583285719266558700e-01 -2.669026944216021935e-01
3.039017268094100777e-01 3.037235094602541152e-01 -2.507154599816200369e-01
2.627734034903081439e-01 3.179930141530152854e-01 -2.699472828751012243e-01
2.476761726107446493e-01 3.591054342242464004e-01 -2.532655331560871304e-01
2.032167499439623826e-01 3.704038083227215172e-01 -2.771302498301062012e-01
1.812846565350115791e-01 4.028269966763219911e-01 -2.569459990919146231e-01
1.317011064312359481e-01 4.061603679165553538e-01 -2.815904797766176082e-01
1.057558410436990060e-01 4.309222297164955751e-01 -2.584762449425995756e-01
5.375070591095263556e-02 4.443738530901840122e-01 -2.619863189369535661e-01
2.700497704724911727e-02 4.263362883820525639e-01 -2.819378269047175811e-01
-2.588367185610056936e-02 4.362377009929510052e-01 -2.535116548493265842e-01
-5.072732178794809449e-02 4.047040847900951199e-01 -2.654032453366354516e-01
-9.973532577830214463e-02 4.058945564878566614e-01 -2.392285188012475139e-01
-1.216055732233107117e-01 3.747378220162896345e-01 -2.547200492550060202e-01
-1.664640916818997673e-01 3.707731170788337027e-01 -2.323461989607535638e-01
-1.854964928957304748e-01 3.377918004547179054e-01 -2.488176724023641317e-01
-2.267154394844456966e-01 3.288746221842716588e-01 -2.281525377404584609e-01
-2.435377941092386755e-01 2.945715689593331743e-01 -2.460850905261409982e-01
-2.817265408972904894e-01 2.819080398690229639e-01 -2.276269732632024423e-01
-2.967283522896288495e-01 2.453651530193522723e-01 -2.478819051030422549e-01
-3.307835167937865362e-01 2.283984070011920997e-01 -2.303739437922611155e-01
-3.412425528101885597e-01 1.875742648516836308e-01 -2.510976427955324275e-01
-3.688409986787772876e-01 1.659796737031032920e-01 -2.321548551212914979e-01
-3.751149561800843357e-01 1.215356494191800751e-01 -2.556838365624813370e-01
-3.995186162541713992e-01 9.798192959241339151e-02 -2.385431645477652240e-01
-4.126617671056662662e-01 5.012552269391429283e-02 -2.424614219041379970e-01
-4.014618416844869531e-01 2.528111546454910735e-02 -2.636225864401109398e-01
-4.177513112893531666e-01 -2.511501487567568969e-02 -2.452573643393386182e-01
-3.991523366881298274e-01 -5.015101837700885329e-02 -2.641865206582617032e-01
-4.032503259886938141e-01 -9.882505416207484905e-02 -2.429905204364763982e-01
-3.753338151626880448e-01 -1.213978212709659887e-01 -2.577860944715054670e-01
-3.702419990864482258e-01 -1.660930158982464044e-01 -2.354703036536068828e-01
-3.376368068961035362e-01 -1.852061955139608362e-01 -2.499326667808654812e-01
-3.273262011931628579e-01 -2.255481915772258039e-01 -2.289724385195783529e-01
-2.919205227825115156e-01 -2.413095723797771819e-01 -2.450362334641819351e-01
-2.793910353528270551e-01 -2.794256186061335190e-01 -2.272569072095726173e-01
-2.402460742324766252e-01 -2.899194903083479047e-01 -2.428266917401560032e-01
-2.233283001204584839e-01 -3.232774362312466621e-01 -2.245324031735378700e-01
-1.795441344069230449e-01 -3.263639284807228202e-01 -2.386567591754142625e-01
-1.608404003157567763e-01 -3.572298607055084396e-01 -2.231909768372561664e-01
-1.153023335513207737e-01 -3.541956219847507970e-01 -2.386908375637089574e-01
-9.425350148046741927e-02 -3.814989742539580120e-01 -2.244475858515599664e-01
-4.718619859537000888e-02 -3.913420749559965439e-01 -2.258089543558067236e-01
-2.316396403767768258e-02 -3.739618444931940289e-01 -2.411808318017749364e-01
2.457682877312532613e-02 -3.983458148318219649e-01 -2.292937850995721005e-01
4.831482432918927927e-02 -3.784632209381649237e-01 -2.463791743954989732e-01
9.804226096132029333e-02 -3.961986239367499829e-01 -2.347316861413825395e-01
1.207250886427780195e-01 -3.706678527238789767e-01 -2.507568589125854230e-01
1.717030759090715786e-01 -3.807868621548516908e-01 -2.383780736889153373e-01
1.925830306334867792e-01 -3.500898072765042390e-01 -2.549580931080571711e-01
2.449642902000042644e-01 -3.543793928490362455e-01 -2.450450686018879609e-01
2.633365804109413233e-01 -3.181391725739236565e-01 -2.636081977872754001e-01
3.172218328475315263e-01 -3.164357580242004864e-01 -2.570353601989985304e-01
3.271545470891598639e-01 -2.709532264110595667e-01 -2.724721127989796488e-01
3.735675449189990172e-01 -2.580476145476039984e-01 -2.615016485256511647e-01
3.693860004589865076e-01 -2.037132846830413679e-01 -2.710418302206257790e-01
4.068649070404849466e-01 -1.837135621066529889e-01 -2.575255841254303624e-01
3.923073768585070842e-01 -1.282016346021291331e-01 -2.665538326984668305e-01
4.222451147591474441e-01 -1.047132947943870962e-01 -2.521937047360923168e-01
4.258599482434444750e-01 -5.123647815232149072e-02 -2.505574372329349431e-01
4.016241557857719857e-01 -2.481133857109403540e-02 -2.642801731179456604e-01
3.512552881561829543e-01 2.433752275754477029e-02 -2.890203257223796784e-01
3.246728831237881141e-01 4.698778664574310149e-02 -2.996123936693839696e-01
3.388454537342888151e-01 9.525389150129623395e-02 -2.915976616074824612e-01
3.094322705808809082e-01 1.156918369079038833e-01 -3.038108511072908913e-01
3.154116393478182401e-01 1.633006075181281658e-01 -2.941187050437725770e-01
2.800365052703792657e-01 1.801030199749561189e-01 -3.041834414859796443e-01
2.787677794957929001e-01 2.270991368933934773e-01 -2.941053261209605751e-01
2.402758612681712980e-01 2.407428614040615922e-01 -3.077240598135459471e-01
2.325410768552981233e-01 2.862418011300851828e-01 -2.997532510076686973e-01
1.888795933396235638e-01 2.944890235299082448e-01 -3.161866071408903633e-01
1.746524973078513454e-01 3.375386106513136308e-01 -3.102453556823419056e-01
1.261518826543294447e-01 3.381068362220644996e-01 -3.296215699691902312e-01
1.051325851866648370e-01 3.743054051337058041e-01 -3.211509448016574564e-01
5.244159093542440780e-02 3.810297022255146882e-01 -3.179882179354034943e-01
2.527808627447846596e-02 3.552313525564037566e-01 -3.267266739916819818e-01
-2.500217754554434971e-02 3.690043225100859137e-01 -3.025678734483049914e-01
-4.867555038010131646e-02 3.389802526924322601e-01 -3.111528505410044998e-01
-9.627094206751360406e-02 3.435232805008745505e-01 -2.894797528830933553e-01
-1.171057113733750821e-01 3.134214614714078695e-01 -3.026746523982950521e-01
-1.614727437430028278e-01 3.116546863627071562e-01 -2.843864222118182017e-01
-1.793378970496136149e-01 2.788960152087833211e-01 -2.984123295363987904e-01
-2.201840008271342408e-01 2.707300760758556968e-01 -2.807761325126272300e-01
-2.353382814530281808e-01 2.353238928001926134e-01 -2.970110766962219540e-01
-2.736938861274710311e-01 2.226224988339993993e-01 -2.825749665495755902e-01
-2.866108574536914144e-01 1.839359551443391916e-01 -3.038419003055150003e-01
-3.201043596322513674e-01 1.658544671801835402e-01 -2.898725378622530324e-01
-3.269013572857555339e-01 1.216593413470645479e-01 -3.131132413817203086e-01
-3.543135079649999408e-01 9.893511473464142170e-02 -2.978673277561894595e-01
-3.675172426179076357e-01 5.053698767850955953e-02 -3.018878202774463171e-01
-3.544195296174723064e-01 2.530686358014954881e-02 -3.215851287117825197e-01
-3.697651540828282846e-01 -2.498501213514406002e-02 -3.022490511933701440e-01
-3.479721509846210870e-01 -4.967795986097724853e-02 -3.175835686284670945e-01
-3.494428227639168050e-01 -9.741673321173316413e-02 -2.943166121283877223e-01
-3.203494715954673389e-01 -1.190981611423384823e-01 -3.068435752330132549e-01
-3.136352718038938892e-01 -1.621924288172857109e-01 -2.847754207033895701e-01
-2.811928985798460845e-01 -1.805354368575399493e-01 -2.994457882154987760e-01
-2.697887552614043893e-01 -2.193105843567664248e-01 -2.806668292375782969e-01
-2.322273032504809653e-01 -2.317189041836252017e-01 -2.933195037301354335e-01
-2.152141096512376339e-01 -2.642117639088503722e-01 -2.732586924873224299e-01
-1.734839872381019610e-01 -2.697314530825681289e-01 -2.847956153038605498e-01
-1.547317861058054300e-01 -2.985256717315418751e-01 -2.684879705585704324e-01
-1.112475102092633505e-01 -2.977956369245176038e-01 -2.820269355792955901e-01
-9.052179174594490729e-02 -3.225996549529409618e-01 -2.676955849225922113e-01
-4.545072511739921273e-02 -3.325227767593456618e-01 -2.688242106564114886e-01
-2.244528869341836166e-02 -3.176598032452448983e-01 -2.837982544731023071e-01
2.357946794236712509e-02 -3.392162770854362797e-01 -2.732402649143927387e-01
4.636528808622659287e-02 -3.202555667032774278e-01 -2.890675306009805046e-01
9.378347215450644203e-02 -3.339717393431350101e-01 -2.782316128532896227e-01
1.149092961396552259e-01 -3.079800263745149924e-01 -2.915443983487404078e-01
1.627308673523419624e-01 -3.139790848769115073e-01 -2.806496638271779864e-01
1.813263078984828636e-01 -2.823586318920306426e-01 -2.951115220894248159e-01
2.295507613905647115e-01 -2.822291340165107854e-01 -2.879830805556913842e-01
2.422758840123113155e-01 -2.429910253014881949e-01 -3.010340935425376285e-01
2.859944172743162372e-01 -2.334185322457601186e-01 -2.920959633741027628e-01
2.885356553110772770e-01 -1.863444136830038067e-01 -3.014548985298507455e-01
3.255142406659083387e-01 -1.695447779837405966e-01 -2.913712296497021348e-01
3.170958690270940794e-01 -1.192433098332233155e-01 -2.991774524617412667e-01
3.464100986381943859e-01 -9.789988902800023096e-02 -2.878763016057013235e-01
3.521120440811623120e-01 -4.798640963903072487e-02 -2.872389095283374716e-01
3.300428798215150339e-01 -2.312407970174759284e-02 -2.980995656616052258e-01
2.839335582962575488e-01 2.270125525438743130e-02 -3.188217500698412032e-01
2.595523647151943836e-01 4.371070785432246836e-02 -3.284225155662285900e-01
2.708785063893170975e-01 8.843518465228575320e-02 -3.214263486655797863e-01
2.428340122828267222e-01 1.069349532786956075e-01 -3.327317908742197794e-01
2.460126423969515308e-01 1.509940179911416769e-01 -3.251810297581379516e-01
2.122136968862688433e-01 1.655457422254841271e-01 -3.358074285259428637e-01
2.077456415320749483e-01 2.082984687199666840e-01 -3.284285739463698728e-01
1.693228898110662461e-01 2.180809856205924713e-01 -3.429603560127473250e-01
1.581916260314880363e-01 2.587726007045104692e-01 -3.386891980131450097e-01
1.145707841492612095e-01 2.615718247622876858e-01 -3.577223565244933012e-01
9.675813680387486404e-02 2.978564731584363301e-01 -3.545959799390870359e-01
4.857533467526430754e-02 3.082566924009668141e-01 -3.548638108278328041e-01
2.313872078708901700e-02 2.849470748073925086e-01 -3.608416649997348569e-01
-2.383190044825379134e-02 3.018976651451759086e-01 -3.412895052562834874e-01
-4.606186421415082305e-02 2.744567371602605332e-01 -3.478845569050784126e-01
-9.174028345185983313e-02 2.814375056780502593e-01 -3.309428017050010107e-01
-1.112189853360981417e-01 2.525319642939805043e-01 -3.427606819005909466e-01
-1.544495665642241777e-01 2.517572489334142793e-01 -3.285184399184655213e-01
-1.706161015387235858e-01 2.188771577441590288e-01 -3.420945125175560153e-01
-2.106587126500069906e-01 2.106097407438650149e-01 -3.282233463190840639e-01
-2.230955573500309763e-01 1.735089780561847594e-01 -3.461541320772252850e-01
-2.606920974792726886e-01 1.595365864228521502e-01 -3.362087962103026406e-01
-2.684003764790278135e-01 1.174159509231097603e-01 -3.608356066195935741e-01
-3.011161341069507613e-01 9.762019381147779562e-02 -3.517094142342731544e-01
-3.154305717857598390e-01 4.966584310069468988e-02 -3.561608090430785079e-01
-2.994137292872511846e-01 2.440997088673424117e-02 -3.733428799887599792e-01
-3.166096840207563989e-01 -2.464195635964408493e-02 -3.541017170925609969e-01
-2.923360266872009894e-01 -4.862708333897107493e-02 -3.675495539786610699e-01
-2.946051424826162113e-01 -9.534451477090957749e-02 -3.435583686191928110e-01
-2.648375440909433998e-01 -1.158975694002015167e-01 -3.573962137268877903e-01
-2.581394999797467782e-01 -1.579942238118846598e-01 -3.353517878528174956e-01
-2.225780707129633440e-01 -1.726855432219824293e-01 -3.468561468760961164e-01
-2.080700173021392818e-01 -2.076350760944965790e-01 -3.236028217313345889e-01
-1.675462698346359136e-01 -2.148935203687616369e-01 -3.331334109910855101e-01
-1.499734333698418964e-01 -2.444970376316080163e-01 -3.143870158064243636e-01
-1.077036102591204941e-01 -2.448792204455204347e-01 -3.267269264241878801e-01
-8.772988823083845145e-02 -2.693836010894563038e-01 -3.106744909423492240e-01
-4.399873334353914672e-02 -2.793246456037788428e-01 -3.113171841023366637e-01
-2.171197226381760964e-02 -2.644467785718308539e-01 -3.256046115030157839e-01
2.262729253016263972e-02 -2.838212258311379466e-01 -3.139129475603691932e-01
4.408683228809359006e-02 -2.630849052025722723e-01 -3.269260956713324617e-01
8.895065182930630976e-02 -2.735275331060916804e-01 -3.153934642073944472e-01
1.079643730377014138e-01 -2.461449170300361311e-01 -3.270073789382279550e-01
1.525184578941912172e-01 -2.489769573135785785e-01 -3.176201713418207451e-01
1.667614571738343099e-01 -2.148872095561144557e-01 -3.282854447155321709e-01
2.082944297998725325e-01 -2.090307754195439016e-01 -3.188278084499824860e-01
2.147392841076649073e-01 -1.679559677916899474e-01 -3.277957256541120246e-01
2.512619763568647024e-01 -1.548420991108779010e-01 -3.193609459024150943e-01
2.475380920300246368e-01 -1.095130464613160853e-01 -3.271027984254531451e-01
2.763933993454229521e-01 -9.071389288292465436e-02 -3.170029738649278728e-01
2.836384646968759804e-01 -4.450814214041842048e-02 -3.165624791421556283e-01
2.641115482040133355e-01 -2.133307107248173101e-02 -3.266925956033873146e-01
2.217245964105605538e-01 2.106044396612413369e-02 -3.456780443711230943e-01
1.976261272360904930e-01 4.204591547799993445e-02 -3.542695847089756267e-01
2.074094014342338921e-01 8.319594799260809914e-02 -3.483194981127211154e-01
1.766966957405214922e-01 1.022566216470981032e-01 -3.584897513423888071e-01
1.783223610784316071e-01 1.405473511675280895e-01 -3.535284428716923832e-01
1.501854766747867109e-01 1.742483528659267700e-01 -3.584753626895532674e-01
1.230199525537936517e-01 1.706072664010175877e-01 -3.694554193981053891e-01
9.853652380784638787e-02 2.172391232134605055e-01 -3.729735712326477937e-01
6.695343083383678562e-02 2.083691498216149740e-01 -3.877386009344644946e-01
3.480488904664105765e-02 2.405601002697996538e-01 -3.833505666846366289e-01
-7.623461677777166690e-05 2.194486649374864096e-01 -3.893511397820684228e-01
-3.397236664222685193e-02 2.363947114901638891e-01 -3.734372897459615204e-01
-7.712444136102214465e-02 2.233156784951642049e-01 -3.695589167255188823e-01
-8.857957604565294685e-02 1.986835670032497114e-01 -3.839970463322123773e-01
-1.388406549952283520e-01 1.950197616128106770e-01 -3.707748841063748801e-01
-1.484267794062743284e-01 1.645221284141137330e-01 -3.872355029502323465e-01
-1.926390706497935479e-01 1.512787618577818294e-01 -3.764859171195547027e-01
-1.978878997446949228e-01 1.137551747227414090e-01 -3.980830325931938862e-01
-2.360526654446874206e-01 9.386475542140194916e-02 -3.923780579601554019e-01
-2.527515805741018529e-01 4.881312609580953921e-02 -4.004339365205164536e-01
-2.337530053160599419e-01 2.445414657526440508e-02 -4.128531109451283876e-01
-2.561414966956538364e-01 -2.393413561313788990e-02 -3.992098912994719861e-01
-2.278829398241715432e-01 -4.806744047342034060e-02 -4.078948316645025773e-01
-2.343098714240459401e-01 -9.331344282854549255e-02 -3.900723394513866404e-01
-1.966517377633679453e-01 -1.128438933764905755e-01 -3.950071425089649590e-01
-1.916179811634820540e-01 -1.501193393582443691e-01 -3.738353758077447853e-01
-1.555471430998193738e-01 -1.782135626683944707e-01 -3.644357990185490559e-01
-1.270947180638161422e-01 -1.737490413692829583e-01 -3.748135517680556417e-01
-9.682402168791127972e-02 -2.108111818835625151e-01 -3.558510743583555569e-01
-6.574655102319265643e-02 -2.009196141403936930e-01 -3.671721673823605259e-01
-3.289498470710257999e-02 -2.269421238747319491e-01 -3.518464850849695735e-01
-3.145309023347799058e-04 -2.089308121472127633e-01 -3.628699601845341571e-01
3.232802129888114745e-02 -2.256991462157460215e-01 -3.496412347135436915e-01
7.412756265113569498e-02 -2.153019561632862067e-01 -3.498146558450878629e-01
8.403149958709295320e-02 -1.894914897338927928e-01 -3.587762622365702203e-01
1.321113092533017785e-01 -1.862447028431785390e-01 -3.466342587034217937e-01
1.380815904500271862e-01 -1.538475150376844847e-01 -3.539527819140878551e-01
1.791765926783520368e-01 -1.414152141227664194e-01 -3.445718851303277153e-01
1.781971545555117997e-01 -1.032903327587040010e-01 -3.523165144109305369e-01
2.100359616579846045e-01 -8.450203377806569938e-02 -3.432822074577527860e-01
2.193643524805202472e-01 -4.252780913173756505e-02 -3.433124993584592000e-01
2.013585942681306029e-01 -2.114374669306673393e-02 -3.526971826298075929e-01
1.606109391679058085e-01 2.103646287806490087e-02 -3.692575123134902437e-01
1.351036441780822384e-01 4.187022245390282366e-02 -3.770644924230470152e-01
1.414061265525545230e-01 8.194034870832785089e-02 -3.722468180482000344e-01
1.158662677694715648e-01 1.165899917638485994e-01 -3.782655662860556767e-01
8.953023686282209070e-02 1.136380460400099879e-01 -3.879993637130453865e-01
6.510082867313457533e-02 1.587853472853334724e-01 -3.939542465269117444e-01
3.295228688593886124e-02 1.476348986353078485e-01 -4.056734256126999227e-01
-7.623461677777166690e-05 1.761072658392761336e-01 -4.054583531176844668e-01
-4.542750132685764719e-02 1.684212009000390919e-01 -4.039826326882710594e-01
-5.642548074332769809e-02 1.419175548094808725e-01 -4.112072510067473208e-01
-1.091636798731689395e-01 1.416822877139945203e-01 -4.076822834945459384e-01
-1.155171536138303173e-01 1.064934488258998391e-01 -4.173716528004995929e-01
-1.600290822418370118e-01 9.180970239097863139e-02 -4.185219877298251290e-01
-1.791952726837876542e-01 4.756030356909404094e-02 -4.252361875213985232e-01
-1.587343559191443376e-01 2.315714836001874291e-02 -4.284345073709825424e-01
-1.850335316799343877e-01 -2.408231349409335753e-02 -4.247363711597429425e-01
-1.525240114093207033e-01 -4.682698713949329239e-02 -4.228496906107460651e-01
-1.577152858928799195e-01 -9.034256466676537922e-02 -4.109429541730839630e-01
-1.242291042569907689e-01 -1.231534893494077021e-01 -4.001489402213703195e-01
-9.445039883505902678e-02 -1.178223672575873099e-01 -4.037047044992899125e-01
-6.623854197716576298e-02 -1.585263515342937302e-01 -3.896904090699800927e-01
-3.338697566107567960e-02 -1.444300155405707775e-01 -3.933012036341829165e-01
-3.145309023347799058e-04 -1.688119664191516101e-01 -3.818064370461279333e-01
3.200919904394629312e-02 -1.419794007734231089e-01 -3.859645052830930068e-01
6.337267573783449126e-02 -1.535380327854674043e-01 -3.758470104471556827e-01
1.001154891321674456e-01 -1.311439878907440515e-01 -3.720643093464439666e-01
1.047269261497049825e-01 -9.752174513418201962e-02 -3.775448714817493112e-01
1.417135893447244444e-01 -8.210039091705999270e-02 -3.671779733299958548e-01
1.555466382348076049e-01 -4.192802949775085997e-02 -3.675283496481666079e-01
1.388974523090528712e-01 -2.073329143849502593e-02 -3.754971389939966708e-01
9.854207732297588784e-02 2.088475094202701596e-02 -3.899441037383962194e-01
7.850852879079869839e-02 5.800293147261344207e-02 -3.948602267905388929e-01
5.320191764315503752e-02 5.584438111477661032e-02 -4.031844411046574539e-01
3.207508392798270880e-02 1.003290470321475669e-01 -4.080427571129521813e-01
-1.195141699120396729e-02 1.022977681455576465e-01 -4.150523029364129313e-01
-2.295444505779175443e-02 7.687377588267668704e-02 -4.151361105283672970e-01
-7.378198255057687172e-02 8.130472365850524574e-02 -4.209804279046553410e-01
-9.783299441394027740e-02 4.221782201450875738e-02 -4.253290826835648408e-01
-8.010718385057893909e-02 1.911166502067911110e-02 -4.234951605282982201e-01
-1.084990250851693705e-01 -2.269368227921083475e-02 -4.247139046667189888e-01
-8.391159414679680295e-02 -6.087813771466251550e-02 -4.163629325069765352e-01
-5.538293449401578833e-02 -5.695558900568968574e-02 -4.135066587028689011e-01
-3.307017286618792185e-02 -9.980348255489154830e-02 -4.044592252593851023e-01
1.011598024090205883e-02 -9.823511939581772157e-02 -3.989339825705378040e-01
2.075247630894240872e-02 -7.380293444856544927e-02 -4.017955574572690813e-01
6.759359966876535286e-02 -7.576509231682246326e-02 -3.918509788878640210e-01
8.793107693803009495e-02 -3.914900004044460924e-02 -3.894528700819407385e-01
7.308299694177668171e-02 -1.836471723576048320e-02 -3.960928547167834601e-01
3.175727140307140622e-02 1.872620058419018074e-02 -4.089154162858023023e-01
-3.725903786887121787e-04 3.778687423868019174e-02 -4.138575398860513399e-01
-3.347431730811246953e-02 1.911166502067911110e-02 -4.178679351070727632e-01
-3.333749888992189325e-02 -1.877113357023800846e-02 -4.162304054413860088e-01
-3.882411940536850659e-04 -3.718684217218759525e-02 -4.100445468846333763e-01
3.160480216951586097e-02 -1.836471723576048320e-02 -4.067399529500710931e-01
