1020
0.00000000	0.00000000	0.58026400
0.08828100	0.00000000	0.55811300
0.04379400	0.07587700	0.55252800
-0.04430500	0.07676200	0.55941100
-0.09364200	0.00000000	0.59225900
-0.04741400	-0.08220200	0.60089000
0.04515400	-0.07829500	0.57208000
0.17120100	0.00000000	0.52695900
0.15028800	0.08675600	0.53259000
0.08487500	0.14710300	0.52126100
0.00000000	0.16999100	0.52228600
-0.08622100	0.14943200	0.53064900
-0.15479800	0.08940600	0.55037000
-0.19105300	0.00000000	0.58941700
-0.16858200	-0.09744100	0.60110400
-0.09543300	-0.16566400	0.59002000
0.00000000	-0.18345000	0.56598600
0.08603200	-0.14924000	0.53159600
0.14787500	-0.08549200	0.52704700
0.25221300	0.00000000	0.49468500
0.24474900	0.08905600	0.50950800
0.19857200	0.16660200	0.50696100
0.12615900	0.21859800	0.49399900
0.04377100	0.24848800	0.49479100
-0.04392700	0.24939400	0.49712100
-0.12554300	0.21761800	0.49309200
-0.19622000	0.16472700	0.50291900
-0.25215900	0.09180600	0.52718100
-0.27692400	0.00000000	0.54360000
-0.25924000	-0.09442000	0.54195000
-0.20506500	-0.17205700	0.52455700
-0.13760300	-0.23821900	0.53976100
-0.04812100	-0.27345000	0.54603500
0.04506500	-0.25577500	0.51069800
0.12184600	-0.21127200	0.47982600
0.18439400	-0.15489900	0.47400000
0.23344100	-0.08502900	0.48846500
0.33741800	0.00000000	0.46462900
0.33860700	0.09070200	0.48149300
0.31103700	0.17950700	0.49319600
0.24330900	0.24323100	0.47209500
0.16967900	0.29392300	0.46653000
0.08842200	0.33033100	0.47132100
0.00000000	0.34245000	0.47262000
-0.08658200	0.32361400	0.46213900
-0.16469500	0.28557600	0.45462000
-0.23628400	0.23639100	0.46088200
-0.29381400	0.16994900	0.46840900
-0.32861100	0.08811500	0.46859900
-0.35202500	0.00000000	0.48493000
-0.34515000	-0.09245800	0.49208100
-0.29215200	-0.16864100	0.46330000
-0.23191900	-0.23186400	0.44976900
-0.16824100	-0.29127200	0.46188000
-0.09157200	-0.34197600	0.48757300
0.00000000	-0.35619900	0.49144300
0.08501000	-0.31754200	0.45324600
0.15537700	-0.26943300	0.42918700
0.21614800	-0.21636300	0.42232700
0.26891500	-0.15540200	0.42874600
0.31514900	-0.08450800	0.45003800
0.43120700	0.00000000	0.43197700
0.44039700	0.10048200	0.45198100
0.42099000	0.20278100	0.46779000
0.36421100	0.29015300	0.46563800
0.27673700	0.34695600	0.44391900
0.18896200	0.39292800	0.43701300
0.09433100	0.41417000	0.42609100
0.00000000	0.42575800	0.42737000
-0.09015300	0.39557100	0.40673700
-0.16946000	0.35239600	0.39183200
-0.24271800	0.30463500	0.39037500
-0.31433100	0.25079800	0.40302500
-0.37284500	0.17963400	0.41454500
-0.40202200	0.09176500	0.41247400
-0.40012400	0.00000000	0.39971100
-0.39930600	-0.09115100	0.40965500
-0.36315400	-0.17480800	0.40242500
-0.30531800	-0.24326300	0.38905800
-0.24369100	-0.30536100	0.38958900
-0.17313700	-0.35961200	0.39862000
-0.09474300	-0.41546800	0.42666000
0.00000000	-0.42624900	0.42696900
0.08946800	-0.39228100	0.40272300
0.16373500	-0.34039500	0.37818900
0.22732600	-0.28554200	0.36582500
0.28453800	-0.22727100	0.36513700
0.33761300	-0.16277800	0.37568800
0.39015100	-0.08914200	0.40127100
0.50361600	0.00000000	0.36646700
0.50125400	0.09970700	0.37168000
0.47975400	0.19873500	0.37747900
0.42545400	0.28448200	0.37191700
0.36339000	0.36387700	0.37404200
0.29004900	0.43381300	0.37977900
0.18648700	0.45044900	0.35463100
0.09056500	0.45560400	0.33764000
0.00000000	0.46331000	0.33687400
-0.09192800	0.46246200	0.34334900
-0.17098600	0.41304500	0.32529300
-0.24297000	0.36368900	0.31832700
-0.31703500	0.31677500	0.32609400
-0.37070800	0.24775900	0.32386700
-0.41959700	0.17379500	0.32945300
-0.44773600	0.08904300	0.33108900
-0.45215800	0.00000000	0.32796400
-0.45048600	-0.08962000	0.33374600
-0.41315200	-0.17106200	0.32419500
-0.37632800	-0.25117300	0.32787100
-0.32171600	-0.32111100	0.32951800
-0.25106700	-0.37569000	0.32812300
-0.17788600	-0.42976500	0.33814000
-0.09459500	-0.47588200	0.35278900
0.00000000	-0.49844000	0.36246000
0.09281300	-0.46669900	0.34560800
0.17033200	-0.41139700	0.32325500
0.23753200	-0.35569700	0.31071800
0.29772800	-0.29788700	0.30607000
0.35409100	-0.23663700	0.30947500
0.41195500	-0.17060500	0.32417200
0.47067700	-0.09356200	0.34917200
0.52665800	0.00000000	0.26772900
0.51693500	0.09104300	0.26673800
0.49897700	0.18132400	0.26967600
0.45809200	0.26423600	0.26878400
0.40394400	0.33856500	0.26787300
0.34726200	0.41373700	0.27507800
0.27215900	0.47118700	0.27737700
0.17942500	0.49302500	0.26736900
0.08732600	0.49537600	0.25608500
0.00000000	0.49642200	0.25270600
-0.08854600	0.50226800	0.26012800
-0.16460200	0.45241400	0.24535500
-0.23451000	0.40616900	0.23910100
-0.30373400	0.36191600	0.24090500
-0.37426200	0.31385600	0.24877300
-0.42705200	0.24632800	0.25045800
-0.46910900	0.17068800	0.25358700
-0.49804900	0.08778000	0.25713800
-0.50575400	0.00000000	0.25746600
-0.49954000	-0.08810400	0.25860900
-0.46196200	-0.16804200	0.24988500
-0.42365900	-0.24430300	0.24822000
-0.38562700	-0.32334800	0.25593000
-0.32492000	-0.38704600	0.25737700
-0.25405500	-0.43997700	0.25901000
-0.17914600	-0.49262900	0.26733800
-0.09487000	-0.53813500	0.27845600
0.00000000	-0.56664600	0.28870700
0.09519900	-0.53985400	0.27897800
0.17711400	-0.48663300	0.26342900
0.24637300	-0.42691400	0.25083400
0.31113500	-0.37078400	0.24644300
0.36700800	-0.30801300	0.24395400
0.42821300	-0.24713200	0.25185900
0.49283900	-0.17927100	0.26755700
0.53406000	-0.09411300	0.27674600
0.53154600	0.00000000	0.17202500
0.52575700	0.08765000	0.17251400
0.50843900	0.17439900	0.17405800
0.47297700	0.25580000	0.17424000
0.42376300	0.32950500	0.17394300
0.36942700	0.40109400	0.17689500
0.31025700	0.47473700	0.18430700
0.22922300	0.52265300	0.18560900
0.13633700	0.53830500	0.18047400
0.04431700	0.53475000	0.17422600
-0.04453500	0.53730300	0.17520100
-0.13068900	0.51612400	0.17314200
-0.20513700	0.46772200	0.16605600
-0.27702700	0.42391000	0.16466800
-0.35054300	0.38063300	0.16818200
-0.42038400	0.32697300	0.17282300
-0.47417900	0.25624900	0.17450800
-0.51518700	0.17667600	0.17638400
-0.54397000	0.09071100	0.17894600
-0.54521000	0.00000000	0.17708100
-0.54139400	-0.09033200	0.17850500
-0.51140600	-0.17549300	0.17552600
-0.46701700	-0.25239100	0.17187700
-0.42786100	-0.33282600	0.17577300
-0.38018100	-0.41307600	0.18253300
-0.30602900	-0.46832200	0.18194100
-0.22959500	-0.52361700	0.18600000
-0.14713100	-0.58118300	0.19496600
-0.05074300	-0.61227100	0.19953900
0.05217400	-0.62980500	0.20531100
0.15172700	-0.59915200	0.20081900
0.23251400	-0.52998800	0.18798800
0.29966600	-0.45843600	0.17787300
0.35313800	-0.38346000	0.16915100
0.40810400	-0.31729100	0.16759800
0.47120200	-0.25479500	0.17392200
0.53587800	-0.18390800	0.18438300
0.53665500	-0.08949300	0.17658200
0.55044500	0.00000000	0.08691700
0.54558700	0.08632200	0.08719100
0.52706100	0.17114300	0.08753100
0.49853200	0.25393800	0.08848700
0.45210800	0.32822300	0.08836600
0.39802200	0.39779100	0.08906000
0.34125400	0.46925600	0.09191800
0.27181600	0.53329400	0.09496300
0.17764800	0.54637400	0.09100200
0.08799100	0.55589300	0.08911400
0.00000000	0.55572700	0.08796700
-0.08814700	0.55661000	0.08931800
-0.17624700	0.54227500	0.09049500
-0.25085900	0.49243800	0.08766700
-0.32586200	0.44844000	0.08788800
-0.40702000	0.40660500	0.09115000
-0.47230400	0.34253100	0.09225200
-0.51891300	0.26414100	0.09203200
-0.55957800	0.18162800	0.09304500
-0.57575400	0.09111400	0.09228700
-0.57549100	0.00000000	0.09120600
-0.57619600	-0.09120700	0.09253000
-0.55713200	-0.18098500	0.09292400
-0.50145800	-0.25537200	0.08902600
-0.46442900	-0.33717300	0.09081100
-0.43945900	-0.43950500	0.09871600
-0.35999800	-0.49506600	0.09712900
-0.27456800	-0.53892500	0.09593200
-0.19033900	-0.58590300	0.09764600
-0.09846500	-0.62152200	0.09963800
0.00000000	-0.65109200	0.10309200
0.10075200	-0.63623000	0.10198300
0.19526800	-0.60103400	0.10013900
0.27155200	-0.53225800	0.09466000
0.33260500	-0.45767600	0.08964500
0.38665400	-0.38670200	0.08661800
0.44911800	-0.32605500	0.08789700
0.52047000	-0.26519900	0.09274200
0.55666700	-0.18081500	0.09286800
0.55020500	-0.08712700	0.08817100
0.57717100	0.00000000	0.00000000
0.56470900	0.08939100	0.00000000
0.55570500	0.18038900	0.00000000
0.52307600	0.26662800	0.00000000
0.48026600	0.34876900	0.00000000
0.41577600	0.41550400	0.00000000
0.34840000	0.47952600	0.00000000
0.27643200	0.54213100	0.00000000
0.18128800	0.55775300	0.00000000
0.09136400	0.57731000	0.00000000
0.00000000	0.58341100	0.00000000
-0.09371900	0.59198300	0.00000000
-0.18881200	0.58123000	0.00000000
-0.27656800	0.54261000	0.00000000
-0.35401100	0.48724700	0.00000000
-0.42676000	0.42672700	0.00000000
-0.49847900	0.36176300	0.00000000
-0.56246200	0.28628400	0.00000000
-0.58628200	0.19042000	0.00000000
-0.60070000	0.09510000	0.00000000
-0.59829900	0.00000000	0.00000000
-0.58819900	-0.09313700	0.00000000
-0.54410100	-0.17686300	0.00000000
-0.50610000	-0.25767700	0.00000000
-0.47203600	-0.34291700	0.00000000
-0.46126400	-0.46143800	0.00000000
-0.37952800	-0.52212800	0.00000000
-0.28872300	-0.56713800	0.00000000
-0.19985200	-0.61509400	0.00000000
-0.10274500	-0.64875200	0.00000000
0.00000000	-0.64401000	0.00000000
0.10122500	-0.64027100	0.00000000
0.18914600	-0.58239400	0.00000000
0.26136900	-0.51313300	0.00000000
0.33359600	-0.45921400	0.00000000
0.39590200	-0.39598800	0.00000000
0.46363300	-0.33675700	0.00000000
0.54782500	-0.27929000	0.00000000
0.59396000	-0.19274800	0.00000000
0.58296700	-0.09228200	0.00000000
0.58474200	0.00000000	-0.09267900
0.56954900	0.09019600	-0.09130600
0.55480800	0.18029900	-0.09243000
0.54076100	0.27555000	-0.09630100
0.49678300	0.36078300	-0.09745400
0.42034200	0.42075000	-0.09442700
0.34468000	0.47488000	-0.09313500
0.27114200	0.53255300	-0.09489800
0.18317300	0.56407600	-0.09409000
0.09430500	0.59643400	-0.09580000
0.00000000	0.61275700	-0.09718300
-0.09907300	0.62680100	-0.10074200
-0.19198900	0.59104700	-0.09852600
-0.28149300	0.55253100	-0.09826900
-0.36921500	0.50792200	-0.09947500
-0.44350300	0.44338700	-0.09931300
-0.51313200	0.37268700	-0.10047200
-0.55845400	0.28459900	-0.09936400
-0.57529500	0.18701600	-0.09587900
-0.59332000	0.09394700	-0.09516100
-0.58225500	0.00000000	-0.09216000
-0.55409200	-0.08765700	-0.08864900
-0.51203900	-0.16635700	-0.08513400
-0.48094700	-0.24487100	-0.08536500
-0.45827800	-0.33272800	-0.08975700
-0.42720700	-0.42810100	-0.09620200
-0.35051400	-0.48302000	-0.09472700
-0.27072200	-0.53146300	-0.09460600
-0.18435900	-0.56702300	-0.09457600
-0.09037800	-0.57083600	-0.09158300
0.00000000	-0.56801800	-0.08989700
0.09093400	-0.57414100	-0.09205100
0.17050400	-0.52470300	-0.08722800
0.24411100	-0.47867500	-0.08496200
0.31514700	-0.43356900	-0.08489100
0.38219300	-0.38207500	-0.08567200
0.45144500	-0.32795800	-0.08852200
0.53665400	-0.27375100	-0.09586100
0.57375800	-0.18650100	-0.09584700
0.58291200	-0.09232400	-0.09359300
0.56014700	0.00000000	-0.18163500
0.54195500	0.09033300	-0.17808500
0.52141500	0.17882300	-0.17877300
0.49357300	0.26699200	-0.18228400
0.43365300	0.33732000	-0.17839100
0.36284200	0.39404900	-0.17394400
0.29520000	0.45184000	-0.17546200
0.21087900	0.48078900	-0.17046200
0.13069200	0.51615300	-0.17280600
0.04689100	0.56582200	-0.18448300
-0.04775600	0.57609400	-0.18773300
-0.14648100	0.57934400	-0.19423400
-0.23944000	0.54585500	-0.19355700
-0.32436400	0.49613100	-0.19230500
-0.41137100	0.44673100	-0.19719000
-0.48115800	0.37456200	-0.19814900
-0.54547400	0.29526100	-0.20182800
-0.56745700	0.19466800	-0.19488400
-0.57342900	0.09559000	-0.18858900
-0.55170600	0.00000000	-0.17881300
-0.52809800	-0.08799200	-0.17325900
-0.49081100	-0.16829400	-0.16804400
-0.45749800	-0.24735900	-0.16873700
-0.43370500	-0.33751800	-0.17882900
-0.38497000	-0.41846300	-0.18521500
-0.29761000	-0.45560800	-0.17684600
-0.21457900	-0.48886500	-0.17345600
-0.12947200	-0.51127000	-0.17149700
-0.04205200	-0.50770500	-0.16543400
0.04227600	-0.51024100	-0.16610500
0.12716300	-0.50209300	-0.16795900
0.20380300	-0.46390300	-0.16412000
0.27656400	-0.42273300	-0.16377200
0.35119100	-0.38147900	-0.16852100
0.43369200	-0.33753600	-0.17890800
0.52413500	-0.28377000	-0.19440800
0.55377500	-0.19005100	-0.19042800
0.55460600	-0.09249500	-0.18244300
0.52628200	0.00000000	-0.26739100
0.51051800	0.08988300	-0.26334100
0.48156900	0.17517800	-0.26070900
0.43533300	0.25124600	-0.25575200
0.37877900	0.31773900	-0.25163700
0.31839200	0.37934900	-0.25237700
0.24119800	0.41777800	-0.24575000
0.16325600	0.44863300	-0.24301100
0.08640700	0.49012000	-0.25343700
0.00000000	0.50118800	-0.25490800
-0.08979600	0.50936100	-0.26311800
-0.18837700	0.51756100	-0.28067500
-0.26716000	0.46265500	-0.27179300
-0.34368500	0.40960700	-0.27199600
-0.41036900	0.34413800	-0.27235100
-0.46767800	0.26981200	-0.27466000
-0.52337700	0.19051500	-0.28393400
-0.54685800	0.09620300	-0.28221500
-0.52294900	0.00000000	-0.26586700
-0.49185200	-0.08667200	-0.25363300
-0.46875700	-0.17039300	-0.25355000
-0.43814400	-0.25277700	-0.25778400
-0.38969400	-0.32702800	-0.25953400
-0.32149900	-0.38310500	-0.25487100
-0.24431700	-0.42297200	-0.24882200
-0.16371400	-0.44976900	-0.24402900
-0.08148400	-0.46234800	-0.23937400
0.00000000	-0.46213800	-0.23516900
0.08065200	-0.45728400	-0.23583500
0.16186200	-0.44425300	-0.24000300
0.23601900	-0.40826100	-0.23935500
0.31279500	-0.37252900	-0.24745600
0.40358200	-0.33872000	-0.26898300
0.50707000	-0.29296000	-0.29983300
0.52018300	-0.18952700	-0.28256900
0.52671700	-0.09284300	-0.27204800
0.48442500	0.00000000	-0.35103400
0.46761600	0.09292200	-0.34579000
0.42950600	0.17773900	-0.33724600
0.37852100	0.25269500	-0.33032600
0.32064300	0.32053400	-0.32955200
0.24683400	0.36931000	-0.32293600
0.16703000	0.40324200	-0.31716800
0.08764500	0.44058100	-0.32659400
0.00000000	0.44399800	-0.32235300
-0.08879900	0.44665000	-0.33073400
-0.17245900	0.41639500	-0.32701600
-0.24903300	0.37253900	-0.32486200
-0.32399600	0.32385200	-0.33225700
-0.38190800	0.25506700	-0.33298100
-0.43736300	0.18107100	-0.34345200
-0.48108800	0.09578600	-0.35685800
-0.48495000	0.00000000	-0.35282700
-0.46084000	-0.09171500	-0.34153600
-0.42481900	-0.17607700	-0.33448600
-0.37378000	-0.25003800	-0.32721300
-0.30692500	-0.30718200	-0.31545500
-0.24234400	-0.36295600	-0.31726300
-0.16698600	-0.40323300	-0.31759400
-0.08332100	-0.41901800	-0.31068600
0.00000000	-0.41778500	-0.30292800
0.08240600	-0.41408000	-0.30545400
0.16617800	-0.40084300	-0.31386200
0.24567500	-0.36739500	-0.31999000
0.33150200	-0.33154300	-0.34059200
0.42981000	-0.28779000	-0.37758300
0.48193000	-0.19978400	-0.38007000
0.50014300	-0.09927700	-0.36970700
0.41783400	0.00000000	-0.41712600
0.39370400	0.08970900	-0.40246800
0.35419800	0.17041800	-0.39214800
0.30363000	0.24188900	-0.38747800
0.24660000	0.30908700	-0.39551100
0.17164700	0.35642000	-0.39603000
0.08965700	0.39275900	-0.40367600
0.00000000	0.39054900	-0.39090700
-0.08511500	0.37278000	-0.38238900
-0.16324800	0.33902600	-0.37609600
-0.23749300	0.29769500	-0.38058500
-0.30576000	0.24381500	-0.39098600
-0.35737900	0.17200500	-0.39616400
-0.39251600	0.08963100	-0.40255700
-0.41231100	0.00000000	-0.41230900
-0.39299700	-0.08966700	-0.40302600
-0.35546700	-0.17125900	-0.39492600
-0.29910400	-0.23854100	-0.38255300
-0.23444100	-0.29416600	-0.37618200
-0.16825900	-0.34969600	-0.38880000
-0.08670100	-0.37989600	-0.39015000
0.00000000	-0.37896300	-0.37812400
0.08562500	-0.37502900	-0.38315500
0.17139300	-0.35583600	-0.39348500
0.26063900	-0.32666700	-0.41740500
0.35225300	-0.28129400	-0.45233100
0.39625200	-0.19110900	-0.44104200
0.42042100	-0.09596500	-0.43119900
0.34144600	0.00000000	-0.46918200
0.31517900	0.08439100	-0.44784000
0.28103500	0.16217600	-0.44563600
0.23216500	0.23199900	-0.45115800
0.16348000	0.28323100	-0.44994000
0.08568800	0.32010100	-0.45653400
0.00000000	0.31540300	-0.43400000
-0.08079300	0.30138400	-0.42947900
-0.15451400	0.26786500	-0.42581800
-0.22493200	0.22499600	-0.43828200
-0.28714900	0.16577800	-0.45688200
-0.32163500	0.08621200	-0.45861900
-0.33982800	0.00000000	-0.46832800
-0.32847700	-0.08800100	-0.46849100
-0.28639000	-0.16521500	-0.45497000
-0.22753700	-0.22747500	-0.44262000
-0.16299300	-0.28249300	-0.44907300
-0.08795700	-0.32865200	-0.46878300
0.00000000	-0.33561500	-0.46118400
0.08929900	-0.33280400	-0.47306500
0.17599600	-0.30474900	-0.48353200
0.26399700	-0.26433800	-0.51538100
0.31738100	-0.18348000	-0.50590800
0.34200900	-0.09164900	-0.48757000
0.26360600	0.00000000	-0.51771300
0.23808600	0.08670900	-0.49704500
0.19485500	0.16356700	-0.49899200
0.12710500	0.22020500	-0.49872900
0.04359900	0.24741000	-0.49297400
-0.04239100	0.24046300	-0.47912800
-0.12383800	0.21463400	-0.48695900
-0.19592300	0.16449100	-0.50312700
-0.24061100	0.08756400	-0.50266300
-0.26085100	0.00000000	-0.51239400
-0.24779300	-0.09020000	-0.51783400
-0.20114800	-0.16867800	-0.51501200
-0.13475500	-0.23346100	-0.52934700
-0.04814400	-0.27328400	-0.54484200
0.04790700	-0.27162400	-0.54064300
0.14542800	-0.25173700	-0.57088000
0.22211400	-0.18675400	-0.57148900
0.25783800	-0.09394900	-0.53976100
0.18082100	0.00000000	-0.55731500
0.15225600	0.08791700	-0.54129400
0.08642200	0.14984800	-0.53247900
0.00000000	0.17571500	-0.54145200
-0.09024000	0.15641700	-0.55738400
-0.15403500	0.08897700	-0.54836000
-0.18227300	0.00000000	-0.56204400
-0.16135500	-0.09327900	-0.57471500
-0.09721300	-0.16865000	-0.60034900
0.00000000	-0.19740500	-0.60829900
0.10166200	-0.17628000	-0.62810800
0.16547400	-0.09563500	-0.58981300
0.09329800	0.00000000	-0.59031700
0.04535100	0.07864900	-0.57427400
-0.04682900	0.08114500	-0.59312700
-0.09426500	0.00000000	-0.59688900
-0.04840500	-0.08400400	-0.61340000
0.05004000	-0.08670400	-0.63385400
0.00000000	0.00000000	-0.61498200
0.02660200	-0.13284200	-0.63592600
0.11572100	-0.04318200	-0.59548800
-0.09603500	-0.08486800	-0.60039800
0.05183800	-0.61234100	-0.04508600
-0.11524100	0.04036500	-0.57847300
0.08996600	0.07566600	-0.56197400
-0.02240700	0.11930500	-0.57587400
0.21485100	-0.04795400	-0.55474700
-0.45696700	-0.39478700	-0.04461600
-0.04531300	-0.61420500	-0.04591400
-0.14908900	-0.16384400	-0.55558800
-0.14482800	-0.61381200	-0.04756700
-0.14523500	0.61224300	-0.05180600
0.47676900	-0.31927700	-0.24255500
0.30013400	-0.04758700	-0.50637600
0.14940600	-0.62788500	0.05002300
0.05052600	-0.64681100	0.05114000
0.11420600	-0.29355000	-0.52185900
-0.20847100	0.04460800	-0.53267900
-0.05156600	-0.65150200	0.05161500
-0.41894900	-0.48713100	0.04930300
-0.23551400	-0.57320700	-0.04753800
0.07518800	-0.22471800	-0.58694000
-0.06226200	0.19635200	-0.51748300
0.13916600	0.15371100	-0.51821400
-0.44503800	0.04521100	-0.38268700
-0.14915100	-0.61912700	0.05009000
-0.32484800	-0.53275600	-0.04832900
-0.51761100	0.04956900	-0.32109900
0.46050700	-0.04919000	-0.39845800
-0.53856800	0.33031700	-0.05066300
-0.24137800	-0.58058900	0.04912400
-0.45837400	-0.39320100	0.04951900
-0.57042300	0.23700000	-0.04976900
-0.47153600	0.40342800	-0.05005900
-0.04699500	0.60806800	-0.04939000
-0.40616800	-0.47664500	-0.04940400
-0.04446400	-0.35565400	-0.42610900
-0.23340300	0.56569100	-0.04949200
0.38159100	0.14733200	0.47691800
0.04776100	0.59263700	-0.04850200
-0.39899500	0.46813600	-0.04963500
0.51084200	-0.04885500	-0.31643600
-0.32649200	-0.53053700	0.04842100
-0.32089300	0.52494100	-0.04972600
0.38765400	0.04953000	0.45773900
0.38116600	-0.04607100	-0.45396100
-0.22529900	0.54921100	0.04495400
0.10009400	-0.26206200	0.46884900
0.49956200	-0.30362200	-0.04429200
-0.29072600	0.04367400	-0.48595700
-0.55895800	0.23295900	0.04652400
-0.49141400	-0.04323700	-0.30548800
0.14073300	-0.58051000	-0.04609900
0.23014700	-0.55853200	0.04675500
-0.59154500	0.14233000	-0.04870100
-0.18245500	-0.22671400	-0.48318300
0.47372300	0.05063500	0.40808700
0.45827300	0.38984200	-0.04886000
-0.29983100	0.49306000	0.04389700
0.56502700	-0.23414500	-0.04890700
-0.58256300	0.14121900	0.04616500
0.48814400	-0.30607300	-0.14156600
0.04608700	-0.44862100	0.38891000
0.51568600	0.31500100	-0.04874900
0.04737000	-0.51898200	0.32086100
0.16316600	-0.18236200	-0.60228100
-0.53220200	0.24187700	-0.24194800
0.55497000	-0.23121400	0.04657300
0.58582500	-0.14132200	-0.04876400
0.56990900	-0.13858900	0.04475400
-0.04755100	-0.52197500	0.32308400
0.17933200	0.22346000	-0.47486000
0.04480000	-0.37617800	0.44973800
-0.57635200	0.04746500	-0.13979700
-0.54693300	0.04699300	-0.22852500
0.54469900	-0.04684800	-0.22772100
-0.15235600	-0.17173100	0.56752300
0.22934700	0.55173700	-0.04826200
-0.04738100	-0.45635900	0.39523500
0.38410200	0.44939500	-0.04745700
-0.51309800	0.31529800	0.04658000
0.51409500	0.04595600	0.31876900
-0.45259000	0.38781000	0.04591000
-0.59891400	0.04720000	-0.04781700
-0.13518600	0.56928800	0.04509300
-0.36554200	0.04314500	-0.43413600
-0.38012400	0.44697900	0.04523300
0.13824900	0.57535000	-0.04724000
-0.59193200	0.04782600	0.04590900
0.31100900	0.50798900	-0.04721200
0.20574000	-0.25836900	-0.54329700
0.45522800	-0.14919500	-0.40910300
0.56973400	-0.04618300	-0.13750200
0.50806300	0.14235400	0.32598700
0.31354100	0.51142100	0.04782200
-0.47501900	0.32280400	-0.23649200
-0.55556400	0.14553800	-0.23735600
0.51624200	-0.04679800	0.32008200
-0.53299000	0.33604800	-0.15230500
0.22658100	0.54376900	0.04567700
0.04525800	0.43954700	0.38136400
-0.56194300	0.23952600	-0.14655900
-0.04736200	-0.38693300	0.46062800
0.58281900	-0.04640700	-0.04705200
-0.07430000	-0.22522000	-0.58448300
-0.58661200	-0.04530800	0.04595600
0.45190100	-0.04658000	0.39178100
0.54736100	0.22681900	-0.04686000
0.42297100	-0.31730300	-0.32857100
-0.57927500	0.14290300	-0.14293700
-0.13735700	0.47869300	-0.30369900
0.04611200	0.56922200	0.04400700
-0.04587900	0.44384500	0.38519400
0.48994700	0.29847100	0.04410100
0.04287600	0.35455600	-0.42297400
-0.57470200	-0.13756500	0.04666900
0.57337300	0.04454400	-0.04628700
0.04751500	0.38079600	0.45236500
0.04413200	0.41694200	-0.36104400
-0.58497600	-0.04638100	-0.04623400
-0.47900300	-0.29540500	-0.04285700
0.47607000	0.23471400	0.32807000
0.53393800	-0.24120800	-0.24422400
0.16427100	-0.54207200	0.23196500
-0.43156400	-0.38420700	0.13676300
-0.52328000	-0.04351200	-0.21899600
0.49546900	-0.30286500	0.04675400
0.46835400	0.15235600	0.42174500
0.43806700	0.37256300	0.04454900
-0.07238500	-0.22110600	0.57242700
0.04341200	0.46910900	-0.28935200
-0.43402300	-0.38647000	-0.13806000
-0.04403200	0.57088200	0.04461900
0.56970800	-0.14079800	-0.14046200
0.56453700	-0.04583100	0.04344300
0.53823900	-0.14071200	-0.23065400
0.56311600	0.13513700	-0.04595600
0.53248500	0.22785200	-0.13778600
0.13526700	0.56089900	0.04528600
0.37719500	0.44083900	0.04574100
-0.09970000	0.25671800	-0.45698800
0.34599500	-0.30976800	-0.40129900
-0.04302500	-0.39793100	-0.34544200
-0.18444400	-0.23414900	0.49251500
0.50794900	-0.14476600	-0.32359100
0.30180800	-0.49325400	0.04532500
-0.37434700	-0.04548600	0.44566800
0.21775600	-0.52306400	-0.04398600
-0.37548700	0.04574000	0.44687000
0.56360000	0.04526900	-0.13589400
-0.04477600	0.47610700	-0.29244600
-0.41323400	0.39757800	-0.23609200
0.54815900	-0.23337200	-0.14360400
-0.50578500	0.14383700	-0.32294000
0.52537600	0.21679800	0.04441200
0.53634900	0.04531500	-0.22367500
-0.22145000	0.04589900	0.55784300
0.53241500	-0.13850100	0.22936600
0.49634400	0.04479000	-0.30657800
-0.48330200	-0.29635200	0.04528400
-0.46530200	0.41129600	-0.14981100
-0.55487700	-0.04363400	-0.13456300
0.44075500	0.04610100	-0.38002800
-0.55865900	0.04533700	0.13434400
-0.52979300	-0.21866000	0.04490500
-0.54709500	-0.13215800	-0.04381900
-0.04581100	0.37593800	0.44843800
0.36948500	-0.14186500	-0.46420900
-0.22744500	-0.04784500	0.57079900
-0.43686100	-0.04615300	-0.37680300
-0.56215300	-0.04557600	0.13529200
0.56266200	0.04327400	0.04371300
-0.13377600	-0.04986200	0.60748100
0.13822400	0.36032000	0.45237700
0.54660800	0.13519100	-0.13452900
0.52419600	0.04416200	0.21875000
0.38955900	0.35679400	0.32682800
0.42151500	0.31597600	0.32552300
0.43315700	0.24932300	0.42910900
0.54886500	0.13101600	0.04407900
-0.02477200	-0.14282900	-0.62164700
-0.52895800	0.04564600	0.21990800
0.53042900	-0.04503100	0.22123200
-0.11448000	-0.29061900	0.51376000
0.00000000	-0.61192100	-0.04501600
0.49494900	-0.24634200	-0.34055200
0.42345900	-0.35996800	-0.04298900
0.07394700	-0.58689000	0.24299500
0.28987000	-0.47037100	-0.04254900
-0.31045700	-0.04627500	0.51663600
0.36302000	-0.42598000	0.04375400
-0.52342300	-0.04514900	0.21792900
-0.55045800	-0.13584200	0.13610100
0.29451400	0.04487300	0.48736800
-0.54984800	0.13558700	0.13567500
0.13979500	0.43157300	0.39013100
-0.30472200	0.04481000	0.50827200
0.50181300	0.31763200	-0.14191100
0.54400300	-0.13441900	0.13420800
0.04294700	-0.35635400	-0.42343300
-0.10949500	-0.09089300	0.60824500
-0.13604300	-0.42184000	0.38168200
-0.04424300	0.48245300	0.29828400
-0.37042800	-0.04510100	-0.44062900
0.09594000	-0.60640200	-0.04539100
0.04373300	0.47830200	0.29561800
-0.50969300	-0.21188600	-0.04296500
0.36954800	-0.04508600	0.43985200
0.42205700	-0.36092200	0.04370700
0.51115600	0.13254200	0.21954800
0.41833700	-0.24239900	-0.41439300
-0.13264900	-0.35148800	0.44397500
0.10885300	-0.09173500	-0.61536300
0.35855000	-0.41798200	-0.04271300
-0.42562800	0.04470600	0.36679900
-0.42589900	-0.04486500	0.36723200
0.28916800	0.04201300	-0.48273100
-0.11123900	-0.28140200	-0.49900600
0.36688200	0.04458200	-0.43533400
-0.13675900	-0.48370000	0.30963200
-0.39159700	0.47864300	-0.14896000
0.11411300	0.56470500	-0.13606000
-0.12912500	0.46009300	0.29603700
-0.04433400	0.41727400	-0.35953200
0.52532900	-0.22348300	0.13776200
0.54123000	-0.04380700	0.12995000
-0.47875000	-0.04439300	0.29491700
0.18494900	0.23145200	0.48438500
-0.47521100	0.04393800	0.29256800
0.26578600	-0.29891700	-0.47281000
0.51333300	0.13382300	-0.21983500
0.38522800	-0.31265400	-0.36304200
-0.35745900	-0.13491300	0.45115300
-0.21415600	-0.04473700	-0.53833300
-0.50450700	-0.13143200	0.21680400
0.42920900	0.38123600	-0.13679800
-0.46338900	-0.13026500	-0.29719000
0.10707800	0.27363500	0.48149900
0.53670700	0.04313000	0.12905700
-0.50682900	0.13215000	0.21698800
-0.04150000	-0.43973300	-0.27230000
0.48352300	0.21787000	0.22051500
0.48591500	0.22032500	-0.22081600
-0.07465500	0.60853300	-0.14528300
-0.51855600	0.22095000	0.13465300
0.30160800	0.26527100	0.46689100
0.37485800	-0.35788200	-0.21728500
0.33773100	0.23450800	0.48011600
0.13461100	-0.47532800	0.30357900
0.48276800	-0.21745700	0.22096300
0.23781200	0.41163200	0.40741300
0.20913600	0.04348400	-0.52586300
0.13454000	0.47326300	0.30197300
-0.12062900	0.55449100	-0.23268500
0.43912300	0.29573900	0.22047100
-0.29673300	-0.04405500	-0.49427900
0.22203200	0.31910600	0.45354000
0.23903200	-0.47726900	0.21920100
-0.14370800	0.16109100	-0.53241000
0.21503200	-0.56841100	0.14479400
-0.22022600	0.44041500	-0.30009700
0.52565500	0.12924900	0.12981400
0.26984200	-0.18534200	-0.53950700
-0.12834200	-0.04689900	-0.58780200
-0.10584000	0.27016500	0.47670100
-0.49788600	-0.12888400	-0.21378300
-0.38744300	-0.37294200	-0.22236400
0.48102700	-0.13626000	0.30786000
-0.33506100	0.45383600	-0.23306700
0.33548000	-0.23276900	-0.48012400
-0.40561400	-0.13090300	0.36640700
-0.13127200	0.40688300	0.36864700
-0.40935500	0.13243200	0.36956000
-0.12371900	0.60742300	-0.14859500
0.47917800	0.13541700	-0.30591700
-0.16342500	-0.53737900	0.23160500
0.35757100	0.39076100	0.32704400
-0.16795200	0.55128100	-0.23801000
-0.12765500	-0.33841800	-0.42801500
-0.25555100	0.50844300	-0.23470600
-0.50864700	-0.21630700	0.13285100
0.35404900	0.43504800	-0.13346300
0.12644100	-0.61896100	0.15159200
-0.02388600	-0.13397300	0.58835800
-0.30341500	0.52529700	-0.14541600
-0.52065200	-0.12763500	-0.12899100
-0.36555400	-0.44848000	-0.13895900
0.20716700	0.04409100	0.51705200
0.14115800	0.15648700	0.51304400
-0.41547200	0.13527000	-0.37379400
0.02637900	-0.64229200	0.15507800
0.02603400	-0.59778900	0.24689500
0.28230500	0.49089000	-0.13471400
0.50147400	0.21340900	0.13071500
0.10648500	0.27058400	-0.47817600
0.31904000	0.42387600	0.32715300
-0.18058300	0.22694700	0.47707100
-0.02399400	-0.30315900	-0.50091900
-0.29865100	0.39379500	-0.30044500
0.06557200	-0.20206000	0.52062800
0.23131500	0.46505600	0.31928300
-0.38189800	-0.36743200	0.21857300
-0.37087400	-0.45436200	0.14057700
0.19771000	0.52408800	-0.13274200
-0.07260900	-0.57333600	0.23830300
-0.09773900	-0.61681400	-0.04663600
-0.46348500	-0.29346400	0.13071500
-0.47286900	0.21364100	0.21493900
0.12280900	0.04401300	-0.56572900
0.28523600	-0.04218400	0.47546600
0.13470100	-0.15168000	0.50157700
-0.47378800	0.29941700	0.13381300
0.40136000	-0.12970200	0.36335100
0.32960100	0.36496400	0.41971900
0.12981200	-0.40148100	0.36261000
0.04124800	-0.39613400	-0.34133200
-0.45777700	-0.12917500	0.29286600
-0.10120300	0.08554500	-0.57393000
-0.34976100	0.13336300	0.44063400
-0.21846000	0.57522200	-0.14788000
-0.12446700	0.04492100	0.57175800
-0.14148700	0.15747900	0.51822900
0.06560600	0.19995900	-0.51677500
-0.45309500	0.22565000	-0.30951400
-0.29348300	-0.50891600	0.14037400
-0.04222900	0.34403600	-0.40860400
0.02257100	-0.13070300	0.56845200
0.46113900	-0.31976300	-0.28797600
0.44738500	0.27785800	0.32495200
0.36721200	0.33064800	0.42276000
0.32782600	0.44295700	0.22911200
-0.06493100	0.19916900	0.51301700
-0.46094500	0.13059000	0.29383700
0.02259400	-0.30879000	0.50526300
-0.40805100	-0.13284200	-0.36769900
-0.43471800	-0.29448800	-0.21762000
0.02388300	-0.23514900	-0.57690300
-0.21050900	-0.55606100	0.14219800
0.07635100	-0.63214200	0.15343000
0.43215700	0.29265000	-0.21606600
-0.46635100	-0.40164800	0.00000000
-0.27676500	-0.13194600	0.50468200
0.12854900	0.39809900	-0.36030100
-0.18738700	-0.13508500	0.56467500
0.20252400	-0.04226400	0.50902000
0.06424200	0.19740400	0.50719200
0.36620800	0.19126000	0.48084700
-0.28344900	-0.49224300	-0.13546000
0.49950300	0.19386100	0.33062200
-0.02540900	-0.62950800	0.15103600
-0.42569700	-0.28860900	0.21189000
0.40572000	-0.35796600	-0.13158400
0.28819100	-0.13901000	-0.52379400
-0.45639400	-0.28905900	-0.12892600
0.38555300	0.36897500	0.22162000
0.13054200	-0.34373600	-0.43190300
-0.24255600	-0.48333000	0.22309600
-0.09758000	0.61648800	-0.05151800
-0.46545100	-0.21045100	0.21148000
-0.12270200	-0.60063500	0.14722700
-0.12847900	0.33912200	0.42842900
0.46086900	0.29086600	0.13098600
0.41615900	0.13523900	-0.37367200
0.02274500	0.12704800	-0.55793400
-0.46309200	-0.20894500	-0.21104200
-0.12867500	0.39364000	-0.35354800
-0.34108700	-0.12950400	-0.43033200
-0.37052100	0.21307400	0.36791900
-0.17369100	0.21910200	-0.46113800
0.04032300	-0.43714000	-0.26908800
0.02344100	0.59429400	-0.14164100
0.19454200	-0.14190200	-0.58210300
0.09644700	-0.08172100	0.54823300
0.30674400	-0.30378200	-0.43493700
0.25329500	0.17223600	0.49776600
0.27706300	0.13382400	0.50008200
-0.02410300	-0.31402000	0.51773800
0.12318600	-0.56848000	0.23955500
0.24993900	0.49576300	0.23071700
0.46068200	-0.29070500	0.13108200
-0.41286300	0.36582400	0.13195400
0.12558600	0.44441700	-0.28445100
-0.19908200	-0.52671600	-0.13386200
0.29074300	0.50334400	0.13960900
-0.02522700	-0.58861000	0.24399100
-0.33865600	0.12863300	-0.42661500
-0.48422700	-0.20594200	-0.12626700
0.12944500	0.34086900	-0.43007300
-0.09978900	0.08329100	0.55634000
-0.02420700	-0.23676000	-0.58024600
-0.31507100	-0.42714300	0.21940100
0.02384500	-0.30385900	-0.50088600
0.16870300	-0.21357300	0.45060600
-0.42272300	0.28598000	0.21119200
0.12440300	-0.32876000	0.41528300
0.28565100	-0.49494600	0.13655700
0.14635500	-0.61797800	0.00000000
-0.02384600	0.59953300	-0.14322900
0.40997400	0.36286900	0.13122700
0.11882100	0.04310200	0.54387700
0.30701900	-0.27193300	-0.48231300
-0.21543500	-0.43430100	0.29844600
-0.07444800	-0.61582800	0.14936400
0.35473300	0.43413000	0.13443700
0.41676700	-0.28125100	0.20912300
-0.39554800	0.29913700	-0.30228100
0.20608100	0.54071900	0.14019000
-0.17987900	0.46555300	-0.30309100
0.32715500	-0.12401600	0.41366300
-0.50622000	0.28232700	-0.23794200
0.11805100	-0.04270700	0.54260600
0.30448900	-0.41322900	0.21167200
0.12551400	-0.38716200	-0.34793700
0.25991300	0.29479900	0.45805300
-0.12694300	-0.39180400	-0.35407300
0.13445500	-0.13676700	-0.61279400
-0.02208700	0.12331000	0.54017700
0.10852400	-0.53539400	-0.12943500
0.38974200	-0.28354200	-0.41326200
0.37215900	0.35708400	-0.21356300
0.09683600	0.08118000	0.54165100
0.21834800	-0.31589600	-0.45089000
0.34291300	-0.42050700	0.12949300
-0.44469700	-0.38302400	-0.09349100
-0.43205300	-0.21434700	-0.29695500
0.17360000	-0.60043200	0.15057000
-0.31096600	-0.42127700	-0.21674200
0.24121500	0.50711000	-0.13284400
-0.30509700	0.21066700	0.43769700
-0.18072200	-0.13033200	-0.54445800
-0.21368400	-0.09582700	0.57088500
-0.02364700	0.53626100	-0.22056900
0.33643700	0.12795100	-0.42224400
0.02186900	0.12280600	0.53680500
0.39884100	-0.35346200	0.12734700
0.40061700	0.29089900	0.42343700
0.23944000	-0.14038000	-0.55475200
-0.17050400	0.59019900	-0.14826100
0.46712500	-0.28989000	-0.33871300
0.43184100	0.21440100	-0.29588800
0.06642900	0.52572500	-0.21816000
-0.11565200	-0.20051600	-0.56438000
-0.12296700	-0.43285000	-0.27643300
-0.33630100	0.36941000	-0.30412900
0.07100200	0.58238400	-0.13993400
0.02181200	0.29491600	0.48266800
-0.02188300	0.29570600	0.48428700
0.06633600	-0.54059700	-0.12881700
-0.44508600	0.35880100	-0.23476100
-0.42172900	0.20914700	0.28910900
-0.10929200	-0.53852400	-0.13075200
-0.20232300	0.40898000	0.28185900
-0.06601100	-0.53807300	-0.12831400
0.30606100	0.41472000	-0.21338500
0.45553700	0.20294400	0.42736700
-0.06893600	0.54261300	-0.22572400
-0.02440400	-0.22999100	0.55883500
0.17918800	0.34329100	0.45131900
-0.00200400	-0.26671300	0.53268300
0.51050300	0.09564700	0.32028900
-0.12081900	-0.55893700	0.23643300
-0.36804000	-0.21194800	0.36367400
0.12176800	-0.42850400	-0.27248400
0.49024900	-0.15028500	-0.37453500
0.19166200	-0.56338900	0.19398200
-0.33876700	0.41521700	0.12821900
0.20869100	-0.41973200	0.28741200
-0.19027900	0.50354000	0.12816800
0.12357600	-0.21406200	-0.60097600
0.28030400	0.45143100	0.32747100
0.35929900	-0.34489400	0.20623400
-0.29770700	-0.20517500	0.42492000
-0.36943200	0.21352000	-0.36424000
0.15811800	0.51619000	0.22427700
-0.21144000	-0.36683300	0.36273000
-0.24311500	-0.51094500	-0.13406400
-0.24785400	-0.16985900	0.49246200
-0.19282200	-0.59314500	-0.04733200
-0.24786300	0.16893200	0.49023700
0.24362600	-0.22595600	-0.54504700
-0.20365500	-0.09151900	-0.54507700
0.17924900	-0.55187800	-0.04346900
-0.25828000	0.41790700	-0.29849700
-0.27261500	0.13100900	0.49642200
-0.16830400	-0.58218700	0.14599400
-0.20592300	0.35807100	0.35548400
0.23293900	-0.56690400	0.09741000
0.21048800	-0.36509800	-0.36050800
0.28366400	0.39049400	0.41253400
-0.36820500	0.33489700	-0.30318200
-0.36089300	0.34589800	0.20762500
-0.36370700	-0.21031000	-0.35998200
0.51485000	-0.28796800	-0.24678100
-0.26415400	0.45862500	0.12620400
0.42964300	0.15153000	0.45887800
-0.26759100	-0.12775700	-0.48771400
0.05051600	-0.18644500	-0.61669000
-0.41876700	-0.20773900	0.28658800
0.42126700	-0.20942200	0.28880200
0.21308300	-0.09535600	-0.56820500
0.22165800	-0.28614300	-0.50264300
-0.48267800	0.18661500	-0.31504600
-0.20537400	-0.29757300	0.42470200
0.15732400	0.54150100	-0.13388500
-0.04854400	-0.17557300	0.58189600
0.48120000	-0.31204100	-0.18752300
-0.37731400	0.42803700	-0.23476700
0.18647800	-0.49320300	-0.12501900
0.04461000	-0.41265500	0.41832900
2036
3 1 2 3
3 1 3 4
3 1 4 5
3 1 5 6
3 1 6 7
3 1 7 2
3 2 8 911
3 2 911 3
3 932 9 10
3 3 10 945
3 3 928 4
3 4 928 12
3 4 12 900
3 4 832 5
3 5 832 14
3 5 14 684
3 5 684 6
3 712 15 16
3 6 16 795
3 6 795 7
3 838 17 18
3 7 18 884
3 7 884 2
3 922 19 8
3 8 20 799
3 8 799 9
3 9 21 22
3 9 800 10
3 10 800 23
3 10 23 857
3 10 857 11
3 11 24 25
3 11 843 12
3 12 843 26
3 12 26 833
3 12 833 13
3 13 27 28
3 13 668 14
3 14 668 29
3 14 29 680
3 14 680 15
3 942 30 855
3 15 588 16
3 16 588 32
3 16 32 641
3 16 641 1016
3 968 970 34
3 17 811 18
3 18 811 35
3 18 35 822
3 18 822 19
3 19 36 37
3 19 856 8
3 8 856 20
3 20 38 705
3 20 705 21
3 21 39 887
3 21 886 22
3 22 886 41
3 22 739 23
3 23 739 42
3 23 42 749
3 23 749 24
3 24 43 957
3 24 957 25
3 958 44 45
3 25 776 26
3 26 776 46
3 26 46 808
3 26 808 27
3 27 47 990
3 27 990 28
3 995 48 49
3 28 708 29
3 29 708 50
3 29 50 701
3 29 701 30
3 30 51 853
3 30 853 31
3 988 52 53
3 31 655 32
3 32 655 54
3 32 54 695
3 32 695 33
3 33 55 888
3 970 845 34
3 34 845 57
3 34 57 559
3 34 559 35
3 35 58 904
3 35 904 36
3 36 59 60
3 36 60 37
3 37 60 61
3 37 821 20
3 20 821 38
3 38 62 556
3 38 556 39
3 39 63 550
3 39 550 40
3 858 64 759
3 40 757 41
3 41 757 925
3 41 768 42
3 42 768 969
3 42 685 43
3 43 685 68
3 43 629 44
3 44 629 69
3 44 69 678
3 44 678 45
3 45 70 872
3 45 872 46
3 46 71 72
3 46 72 47
3 47 72 73
3 47 940 48
3 48 940 74
3 48 830 49
3 49 830 75
3 49 660 50
3 50 660 76
3 50 76 658
3 50 658 51
3 51 77 744
3 51 744 52
3 52 78 983
3 52 983 53
3 53 79 80
3 53 1014 54
3 54 1014 81
3 54 723 55
3 55 723 82
3 55 614 56
3 56 614 83
3 56 83 584
3 56 584 57
3 57 84 906
3 57 906 58
3 58 85 86
3 58 86 59
3 59 86 87
3 59 87 60
3 60 87 88
3 60 920 61
3 61 920 89
3 61 719 38
3 38 719 62
3 62 90 568
3 62 568 63
3 63 91 639
3 63 639 1006
3 966 92 690
3 64 690 65
3 947 93 841
3 65 825 66
3 66 825 1000
3 66 762 67
3 67 762 96
3 67 707 68
3 68 707 97
3 68 612 69
3 69 612 98
3 69 98 624
3 69 624 70
3 70 99 783
3 70 783 71
3 71 100 997
3 71 997 72
3 72 101 102
3 72 102 73
3 73 102 103
3 73 879 74
3 74 879 104
3 74 784 75
3 75 784 105
3 75 726 76
3 76 726 106
3 76 106 727
3 76 727 77
3 77 107 782
3 77 782 78
3 78 108 973
3 78 973 79
3 79 109 110
3 79 110 80
3 80 110 111
3 80 986 81
3 81 986 112
3 81 713 82
3 82 713 113
3 82 590 83
3 83 590 114
3 83 114 574
3 83 574 1020
3 84 115 826
3 84 826 85
3 85 116 117
3 85 117 86
3 86 117 118
3 86 118 87
3 87 118 119
3 87 119 88
3 88 119 120
3 88 824 89
3 89 824 121
3 89 618 62
3 62 618 90
3 90 122 593
3 90 593 91
3 971 123 605
3 91 605 92
3 860 124 633
3 92 633 93
3 840 125 689
3 93 688 94
3 94 688 788
3 94 788 95
3 807 127 128
3 95 812 96
3 96 812 129
3 96 764 97
3 97 764 130
3 97 717 98
3 98 717 131
3 98 131 714
3 98 714 99
3 99 132 734
3 99 734 100
3 100 133 963
3 100 963 101
3 101 134 135
3 101 135 102
3 102 135 136
3 102 136 103
3 103 136 137
3 103 961 104
3 104 961 138
3 104 844 105
3 105 844 139
3 105 740 106
3 106 740 140
3 106 140 738
3 106 738 107
3 107 141 828
3 107 828 108
3 108 142 1009
3 108 1009 109
3 109 143 144
3 109 144 110
3 110 144 145
3 110 145 111
3 111 145 146
3 111 913 112
3 112 913 147
3 112 731 113
3 113 731 148
3 113 582 114
3 114 582 149
3 114 149 576
3 114 576 115
3 115 150 760
3 115 760 116
3 116 151 978
3 116 978 117
3 117 152 153
3 117 153 118
3 118 153 154
3 118 154 119
3 119 154 155
3 119 1010 120
3 120 1010 156
3 120 779 121
3 121 779 157
3 121 609 90
3 90 609 122
3 122 158 687
3 122 687 123
3 123 159 721
3 123 721 124
3 124 160 753
3 124 753 125
3 125 161 766
3 125 766 126
3 126 162 866
3 126 866 127
3 127 163 842
3 127 842 128
3 128 164 890
3 128 890 129
3 129 165 985
3 129 985 130
3 130 166 167
3 130 167 131
3 131 167 168
3 131 168 132
3 132 168 169
3 132 169 133
3 133 169 170
3 133 170 134
3 134 170 171
3 134 171 135
3 135 171 172
3 135 1002 136
3 136 1002 173
3 136 905 137
3 137 905 174
3 137 819 138
3 138 819 175
3 138 751 139
3 139 751 176
3 139 693 140
3 140 693 177
3 140 177 703
3 140 703 141
3 141 178 746
3 141 746 142
3 142 179 870
3 142 870 143
3 143 180 862
3 143 862 144
3 144 181 813
3 144 813 145
3 145 182 902
3 145 902 146
3 146 183 868
3 146 868 147
3 147 184 787
3 147 787 148
3 972 185 816
3 148 816 149
3 896 186 803
3 149 699 150
3 150 699 889
3 150 635 151
3 151 635 189
3 151 769 152
3 152 769 190
3 152 923 153
3 153 923 191
3 153 982 154
3 154 982 192
3 154 916 155
3 155 916 193
3 155 761 156
3 156 761 194
3 156 669 157
3 157 669 195
3 157 694 122
3 122 694 158
3 158 196 750
3 158 750 159
3 159 197 773
3 159 773 160
3 160 198 805
3 160 805 161
3 161 199 873
3 161 873 162
3 162 200 910
3 162 910 163
3 163 201 915
3 163 915 164
3 164 202 895
3 164 895 165
3 165 203 918
3 165 918 166
3 166 204 205
3 166 205 167
3 167 205 206
3 167 206 168
3 168 206 207
3 168 207 169
3 169 207 208
3 169 979 170
3 170 979 209
3 170 1005 171
3 171 1005 210
3 171 977 172
3 172 977 211
3 172 892 173
3 173 892 212
3 173 823 174
3 174 823 213
3 174 756 175
3 175 756 214
3 175 706 176
3 176 706 215
3 176 675 177
3 177 675 216
3 177 216 682
3 177 682 178
3 178 217 704
3 178 704 179
3 179 218 792
3 179 792 180
3 180 219 818
3 180 818 181
3 181 220 636
3 181 636 182
3 182 221 814
3 182 814 183
3 183 222 836
3 183 836 184
3 184 223 849
3 184 849 185
3 996 224 871
3 185 871 186
3 914 225 861
3 186 802 187
3 187 802 850
3 187 794 188
3 188 794 937
3 188 771 976
3 189 771 229
3 189 907 190
3 190 907 230
3 190 934 191
3 191 934 231
3 191 946 192
3 192 946 232
3 192 891 193
3 193 891 233
3 193 736 194
3 194 736 234
3 194 710 195
3 195 710 235
3 195 737 158
3 158 737 196
3 196 683 197
3 197 683 237
3 197 691 198
3 198 691 238
3 198 666 199
3 199 666 239
3 199 625 200
3 200 625 240
3 200 640 201
3 201 640 241
3 201 651 202
3 202 651 242
3 202 606 203
3 203 606 243
3 203 611 204
3 204 611 244
3 204 650 205
3 205 650 245
3 205 623 206
3 206 623 246
3 206 644 207
3 207 644 247
3 207 596 208
3 208 596 248
3 208 558 209
3 209 558 249
3 209 570 210
3 210 570 250
3 210 598 211
3 211 598 251
3 211 594 212
3 212 594 252
3 212 592 213
3 213 592 253
3 213 562 214
3 214 562 254
3 214 572 215
3 215 572 255
3 215 600 216
3 216 600 256
3 216 617 217
3 217 617 257
3 217 627 218
3 218 627 258
3 218 676 219
3 219 676 259
3 219 671 220
3 220 671 260
3 220 543 221
3 221 543 261
3 221 531 222
3 222 531 262
3 222 554 223
3 223 554 263
3 223 542 224
3 224 542 264
3 224 537 225
3 225 537 265
3 225 530 226
3 226 530 266
3 226 527 227
3 227 527 267
3 227 526 228
3 228 526 268
3 228 565 998
3 229 565 269
3 229 657 230
3 230 657 270
3 230 702 231
3 231 702 271
3 231 720 232
3 232 720 272
3 232 638 233
3 233 638 273
3 233 579 234
3 234 579 274
3 234 581 235
3 235 581 275
3 235 646 196
3 196 646 236
3 236 628 237
3 237 628 277
3 237 648 238
3 238 648 278
3 238 619 239
3 239 619 279
3 239 575 240
3 240 575 280
3 240 569 241
3 241 569 281
3 241 591 242
3 242 591 282
3 242 601 243
3 243 601 283
3 243 589 244
3 244 589 284
3 244 599 245
3 245 599 285
3 245 551 246
3 246 551 286
3 246 546 247
3 247 546 869
3 247 523 248
3 248 523 288
3 248 549 249
3 249 549 289
3 249 555 250
3 250 555 290
3 250 552 251
3 251 552 291
3 251 545 252
3 252 545 292
3 252 541 253
3 253 541 293
3 253 544 254
3 254 544 294
3 254 566 255
3 255 566 295
3 255 595 256
3 256 595 296
3 256 631 257
3 257 631 297
3 257 677 258
3 258 677 298
3 258 718 259
3 259 718 299
3 259 632 260
3 260 632 300
3 260 519 852
3 261 519 301
3 261 547 262
3 262 547 302
3 262 538 263
3 263 538 303
3 263 532 264
3 264 532 989
3 264 522 265
3 265 522 817
3 265 520 266
3 266 520 696
3 266 514 267
3 267 514 716
3 267 564 908
3 268 564 993
3 268 659 269
3 269 659 309
3 269 700 270
3 270 700 310
3 270 725 271
3 271 725 311
3 271 698 272
3 272 698 312
3 272 560 273
3 273 560 313
3 273 571 274
3 274 571 314
3 274 580 275
3 275 580 315
3 275 615 236
3 236 615 276
3 276 661 277
3 277 661 317
3 277 686 278
3 278 686 318
3 278 649 279
3 279 649 319
3 279 709 280
3 280 709 320
3 280 747 281
3 281 747 321
3 281 793 282
3 282 793 322
3 282 804 283
3 283 804 939
3 283 815 284
3 284 815 1015
3 284 733 285
3 285 733 956
3 285 882 286
3 286 882 909
3 286 755 287
3 287 755 785
3 287 785 288
3 949 327 831
3 288 831 289
3 289 328 796
3 289 796 290
3 290 329 732
3 290 732 291
3 291 330 672
3 291 672 292
3 292 331 610
3 292 610 293
3 293 332 613
3 293 613 294
3 294 333 621
3 294 621 295
3 295 585 296
3 296 585 335
3 296 673 297
3 297 673 336
3 297 797 298
3 298 797 337
3 298 898 299
3 299 898 338
3 299 865 300
3 300 865 339
3 300 643 935
3 301 643 340
3 301 798 302
3 302 798 341
3 302 859 303
3 303 859 987
3 303 894 304
3 304 894 343
3 304 962 305
3 305 962 964
3 305 964 306
3 306 344 345
3 306 959 307
3 307 959 929
3 307 929 308
3 308 346 1019
3 308 1019 309
3 309 347 348
3 309 348 310
3 310 348 349
3 310 349 311
3 311 349 863
3 311 863 312
3 312 350 573
3 312 573 313
3 313 351 664
3 313 664 314
3 314 352 645
3 314 645 315
3 315 604 276
3 276 604 316
3 316 667 317
3 317 667 355
3 317 742 318
3 318 742 356
3 318 754 319
3 319 754 357
3 319 851 320
3 320 851 358
3 320 931 321
3 321 931 359
3 321 965 322
3 322 965 360
3 322 360 323
3 323 360 361
3 323 361 324
3 324 361 362
3 324 952 325
3 325 952 363
3 325 943 326
3 326 943 967
3 326 765 327
3 327 765 789
3 327 789 328
3 328 365 791
3 328 791 329
3 329 366 780
3 329 780 330
3 1018 367 663
3 330 663 331
3 960 368 607
3 331 607 332
3 921 369 578
3 332 578 333
3 333 370 608
3 333 608 334
3 334 586 335
3 335 586 372
3 335 637 336
3 336 637 373
3 336 777 337
3 337 777 374
3 337 876 338
3 338 876 375
3 338 847 339
3 339 847 376
3 339 778 340
3 340 778 377
3 340 938 341
3 341 938 378
3 341 378 342
3 342 378 379
3 342 379 343
3 343 379 380
3 343 380 344
3 344 380 381
3 344 381 345
3 345 381 382
3 345 382 346
3 346 382 383
3 346 383 347
3 347 383 384
3 347 384 348
3 348 384 385
3 348 385 349
3 349 385 758
3 349 758 350
3 350 386 524
3 350 524 1017
3 1004 387 634
3 351 634 352
3 352 388 647
3 352 647 353
3 353 587 316
3 316 587 354
3 354 670 355
3 355 670 391
3 355 786 356
3 356 786 392
3 356 951 357
3 357 951 393
3 357 393 358
3 358 393 394
3 358 394 359
3 359 394 395
3 359 395 360
3 360 395 396
3 360 396 361
3 361 396 893
3 361 893 362
3 362 642 363
3 363 642 398
3 363 662 364
3 364 662 399
3 364 622 365
3 365 622 919
3 365 772 366
3 366 772 994
3 366 810 367
3 367 810 955
3 367 955 368
3 1001 402 917
3 368 917 369
3 369 403 835
3 369 835 370
3 1013 404 665
3 370 665 371
3 371 539 372
3 372 539 406
3 372 563 373
3 373 563 407
3 373 748 374
3 374 748 408
3 374 936 375
3 375 936 409
3 375 409 376
3 376 409 410
3 376 410 377
3 377 410 411
3 377 411 378
3 378 411 412
3 378 412 379
3 379 412 954
3 379 954 380
3 380 752 381
3 381 752 414
3 381 881 382
3 382 881 415
3 382 974 383
3 383 974 416
3 383 416 384
3 384 416 417
3 384 417 385
3 385 417 418
3 385 418 386
3 386 418 620
3 386 620 839
3 950 419 697
3 387 697 388
3 388 420 656
3 388 656 389
3 389 553 354
3 354 553 390
3 390 674 391
3 391 674 423
3 391 874 392
3 392 874 424
3 392 424 393
3 393 424 425
3 393 425 394
3 394 425 426
3 394 426 395
3 395 426 427
3 395 427 396
3 396 427 854
3 396 854 397
3 397 630 398
3 398 630 429
3 398 735 399
3 399 735 430
3 399 877 400
3 400 877 431
3 400 431 401
3 401 431 432
3 401 432 402
3 402 432 433
3 402 433 403
3 403 433 984
3 403 984 404
3 404 434 801
3 404 801 405
3 405 536 406
3 406 536 436
3 406 681 407
3 407 681 437
3 407 846 408
3 408 846 438
3 408 1003 409
3 409 1003 439
3 409 439 410
3 410 439 440
3 410 440 411
3 411 440 441
3 411 441 412
3 412 441 926
3 412 926 413
3 413 654 414
3 414 654 443
3 414 827 415
3 415 827 444
3 415 924 416
3 416 924 445
3 416 999 417
3 417 999 446
3 417 446 418
3 418 446 653
3 418 653 743
3 930 447 722
3 419 722 420
3 420 448 603
3 420 603 975
3 421 540 390
3 390 540 422
3 422 730 423
3 423 730 451
3 423 944 424
3 424 944 452
3 424 452 425
3 425 452 453
3 425 453 426
3 426 453 454
3 426 454 427
3 427 454 899
3 427 899 428
3 428 626 429
3 429 626 456
3 429 837 430
3 430 837 457
3 430 457 431
3 431 457 458
3 431 458 432
3 432 458 459
3 432 459 433
3 433 459 460
3 433 460 434
3 434 460 897
3 434 897 435
3 435 597 436
3 436 597 462
3 436 715 437
3 437 715 463
3 437 878 438
3 438 878 464
3 438 464 439
3 439 464 465
3 439 465 440
3 440 465 466
3 440 466 441
3 441 466 790
3 441 790 442
3 442 548 443
3 443 548 468
3 443 711 444
3 444 711 469
3 444 867 445
3 445 867 470
3 445 933 446
3 446 933 741
3 446 741 885
3 912 471 781
3 447 781 448
3 448 472 679
3 448 679 449
3 449 557 422
3 422 557 450
3 450 728 451
3 451 728 475
3 451 475 452
3 452 475 476
3 452 476 453
3 453 583 454
3 454 583 477
3 454 806 455
3 455 806 478
3 455 478 456
3 456 478 479
3 456 479 457
3 457 652 458
3 458 652 480
3 458 880 459
3 459 880 481
3 459 481 460
3 460 481 482
3 460 482 461
3 461 561 462
3 462 561 483
3 462 767 463
3 463 767 484
3 463 1007 464
3 464 1007 485
3 464 485 465
3 465 567 466
3 466 567 486
3 466 729 467
3 467 729 487
3 467 809 468
3 468 809 903
3 468 903 469
3 469 528 470
3 470 528 489
3 470 602 1012
3 471 602 991
3 471 774 472
3 472 774 864
3 472 864 473
3 473 525 450
3 450 525 474
3 474 763 475
3 475 763 493
3 475 493 476
3 476 535 477
3 477 535 494
3 477 834 478
3 478 834 495
3 478 495 479
3 479 534 480
3 480 534 496
3 480 770 481
3 481 770 497
3 481 497 482
3 482 529 483
3 483 529 498
3 483 745 484
3 484 745 992
3 484 941 485
3 485 521 486
3 486 521 953
3 486 616 487
3 487 616 901
3 487 848 488
3 488 848 533
3 488 533 489
3 489 577 490
3 490 577 883
3 490 883 948
3 491 518 474
3 474 518 492
3 492 820 493
3 493 516 494
3 494 516 505
3 494 875 495
3 495 517 496
3 496 517 506
3 496 829 497
3 497 515 498
3 498 515 507
3 498 775 499
3 499 513 500
3 500 513 508
3 500 692 501
3 501 511 1008
3 502 511 509
3 502 724 927
3 503 512 492
3 492 512 504
3 504 510 505
3 505 510 506
3 506 510 507
3 507 510 508
3 508 510 509
3 509 510 504
3 501 692 511
3 511 508 509
3 503 724 512
3 512 509 504
3 499 775 513
3 513 507 508
3 266 696 514
3 514 306 307
3 497 829 515
3 515 506 507
3 493 820 516
3 516 504 505
3 495 875 517
3 517 505 506
3 1011 503 518
3 518 503 492
3 260 300 519
3 519 300 935
3 265 817 520
3 520 305 306
3 485 941 521
3 521 499 500
3 264 989 522
3 522 304 305
3 247 869 523
3 523 287 288
3 524 386 839
3 524 387 1004
3 473 491 525
3 525 491 474
3 227 267 526
3 526 267 908
3 226 266 527
3 527 266 267
3 469 488 528
3 528 488 489
3 482 497 529
3 529 497 498
3 225 265 530
3 530 265 266
3 221 261 531
3 531 261 262
3 263 303 532
3 532 303 304
3 533 501 1008
3 533 980 489
3 479 495 534
3 534 495 496
3 476 493 535
3 535 493 494
3 405 435 536
3 536 435 436
3 224 264 537
3 537 264 265
3 262 302 538
3 538 302 303
3 371 405 539
3 539 405 406
3 421 449 540
3 540 449 422
3 252 292 541
3 541 292 293
3 223 263 542
3 542 263 264
3 220 260 543
3 543 260 852
3 253 293 544
3 544 293 294
3 251 291 545
3 545 291 292
3 246 286 546
3 546 286 287
3 261 301 547
3 547 301 302
3 442 467 548
3 548 467 468
3 248 288 549
3 549 288 289
3 550 63 1006
3 550 64 858
3 245 285 551
3 551 285 286
3 250 290 552
3 552 290 291
3 389 421 553
3 553 421 390
3 222 262 554
3 554 262 263
3 249 289 555
3 555 289 290
3 556 62 63
3 556 63 39
3 449 473 557
3 557 473 450
3 208 248 558
3 558 248 249
3 559 57 58
3 559 58 35
3 272 312 560
3 560 312 313
3 461 482 561
3 561 482 483
3 213 253 562
3 562 253 254
3 372 406 563
3 563 406 407
3 267 716 564
3 564 307 308
3 228 268 565
3 565 268 269
3 254 294 566
3 566 294 295
3 465 485 567
3 567 485 486
3 568 90 91
3 568 91 63
3 240 280 569
3 569 280 281
3 209 249 570
3 570 249 250
3 273 313 571
3 571 313 314
3 214 254 572
3 572 254 255
3 573 350 1017
3 573 351 313
3 574 114 115
3 574 115 84
3 239 279 575
3 575 279 280
3 576 149 150
3 576 150 115
3 489 980 577
3 577 502 927
3 578 369 370
3 578 370 333
3 233 273 579
3 579 273 274
3 274 314 580
3 580 314 315
3 234 274 581
3 581 274 275
3 113 148 582
3 582 148 149
3 453 476 583
3 583 476 477
3 584 83 1020
3 584 84 57
3 295 334 585
3 585 334 335
3 334 371 586
3 586 371 372
3 353 389 587
3 587 389 354
3 15 855 588
3 588 31 32
3 243 283 589
3 589 283 284
3 82 113 590
3 590 113 114
3 241 281 591
3 591 281 282
3 212 252 592
3 592 252 253
3 593 122 123
3 593 123 971
3 211 251 594
3 594 251 252
3 255 295 595
3 595 295 296
3 207 247 596
3 596 247 248
3 435 461 597
3 597 461 462
3 210 250 598
3 598 250 251
3 244 284 599
3 599 284 285
3 215 255 600
3 600 255 256
3 242 282 601
3 601 282 283
3 470 489 602
3 602 489 490
3 603 448 449
3 603 449 421
3 315 353 604
3 604 353 316
3 605 123 124
3 605 124 860
3 202 242 606
3 606 242 243
3 607 368 369
3 607 369 921
3 608 370 371
3 608 371 334
3 121 157 609
3 609 157 122
3 610 331 332
3 610 332 293
3 203 243 611
3 611 243 244
3 68 97 612
3 612 97 98
3 613 332 333
3 613 333 294
3 55 82 614
3 614 82 83
3 275 315 615
3 615 315 276
3 486 953 616
3 616 500 501
3 216 256 617
3 617 256 257
3 89 121 618
3 618 121 90
3 238 278 619
3 619 278 279
3 620 418 743
3 620 419 950
3 621 333 334
3 621 334 295
3 364 399 622
3 622 399 400
3 205 245 623
3 623 245 246
3 624 98 99
3 624 99 70
3 199 239 625
3 625 239 240
3 428 455 626
3 626 455 456
3 217 257 627
3 627 257 258
3 236 276 628
3 628 276 277
3 43 68 629
3 629 68 69
3 397 428 630
3 630 428 429
3 256 296 631
3 631 296 297
3 259 299 632
3 632 299 300
3 633 124 125
3 633 125 840
3 634 387 388
3 634 388 352
3 150 889 635
3 635 188 976
3 636 220 221
3 636 221 182
3 335 372 637
3 637 372 373
3 232 272 638
3 638 272 273
3 639 91 92
3 639 92 966
3 200 240 640
3 640 240 241
3 641 32 33
3 641 33 968
3 362 397 642
3 642 397 398
3 300 339 643
3 643 339 340
3 206 246 644
3 644 246 247
3 645 352 353
3 645 353 315
3 235 275 646
3 646 275 236
3 647 388 389
3 647 389 353
3 237 277 648
3 648 277 278
3 278 318 649
3 649 318 319
3 204 244 650
3 650 244 245
3 201 241 651
3 651 241 242
3 457 479 652
3 652 479 480
3 653 446 885
3 653 447 930
3 413 442 654
3 654 442 443
3 31 53 655
3 655 53 54
3 656 420 975
3 656 421 389
3 229 269 657
3 657 269 270
3 658 76 77
3 658 77 51
3 268 993 659
3 659 308 309
3 49 75 660
3 660 75 76
3 276 316 661
3 661 316 317
3 363 398 662
3 662 398 399
3 663 367 368
3 663 368 960
3 664 351 352
3 664 352 314
3 665 404 405
3 665 405 371
3 198 238 666
3 666 238 239
3 316 354 667
3 667 354 355
3 13 28 668
3 668 28 29
3 156 194 669
3 669 194 195
3 354 390 670
3 670 390 391
3 219 259 671
3 671 259 260
3 672 330 331
3 672 331 292
3 296 335 673
3 673 335 336
3 390 422 674
3 674 422 423
3 176 215 675
3 675 215 216
3 218 258 676
3 676 258 259
3 257 297 677
3 677 297 298
3 678 69 70
3 678 70 45
3 679 472 473
3 679 473 449
3 680 29 30
3 680 30 942
3 406 436 681
3 681 436 437
3 682 216 217
3 682 217 178
3 196 236 683
3 683 236 237
3 684 14 15
3 684 15 712
3 42 969 685
3 685 67 68
3 277 317 686
3 686 317 318
3 687 158 159
3 687 159 123
3 93 689 688
3 688 126 127
3 689 125 126
3 689 126 688
3 690 92 93
3 690 93 947
3 197 237 691
3 691 237 238
3 500 508 692
3 692 508 511
3 139 176 693
3 693 176 177
3 157 195 694
3 694 195 158
3 695 54 55
3 695 55 33
3 696 520 306
3 696 306 514
3 697 419 420
3 697 420 388
3 271 311 698
3 698 311 312
3 149 803 699
3 699 187 188
3 269 309 700
3 700 309 310
3 701 50 51
3 701 51 30
3 230 270 702
3 702 270 271
3 703 177 178
3 703 178 141
3 704 217 218
3 704 218 179
3 705 38 39
3 705 39 21
3 175 214 706
3 706 214 215
3 67 96 707
3 707 96 97
3 28 49 708
3 708 49 50
3 279 319 709
3 709 319 320
3 194 234 710
3 710 234 235
3 443 468 711
3 711 468 469
3 6 712 16
3 684 712 6
3 81 112 713
3 713 112 113
3 714 131 132
3 714 132 99
3 436 462 715
3 715 462 463
3 716 514 307
3 716 307 564
3 97 130 717
3 717 130 131
3 258 298 718
3 718 298 299
3 61 89 719
3 719 89 62
3 231 271 720
3 720 271 272
3 721 159 160
3 721 160 124
3 722 447 448
3 722 448 420
3 54 81 723
3 723 81 82
3 502 509 724
3 724 509 512
3 270 310 725
3 725 310 311
3 75 105 726
3 726 105 106
3 727 106 107
3 727 107 77
3 450 474 728
3 728 474 475
3 466 486 729
3 729 486 487
3 422 450 730
3 730 450 451
3 112 147 731
3 731 147 148
3 732 329 330
3 732 330 291
3 284 1015 733
3 733 324 325
3 734 132 133
3 734 133 100
3 398 429 735
3 735 429 430
3 193 233 736
3 736 233 234
3 195 235 737
3 737 235 196
3 738 140 141
3 738 141 107
3 22 41 739
3 739 41 42
3 105 139 740
3 740 139 140
3 741 470 1012
3 741 471 912
3 317 355 742
3 742 355 356
3 743 653 419
3 620 743 419
3 744 77 78
3 744 78 52
3 483 498 745
3 745 498 499
3 746 178 179
3 746 179 142
3 280 320 747
3 747 320 321
3 373 407 748
3 748 407 408
3 749 42 43
3 749 43 24
3 750 196 197
3 750 197 159
3 138 175 751
3 751 175 176
3 380 413 752
3 752 413 414
3 753 160 161
3 753 161 125
3 318 356 754
3 754 356 357
3 286 909 755
3 755 326 327
3 174 213 756
3 756 213 214
3 40 759 757
3 757 65 66
3 758 385 386
3 758 386 350
3 759 64 65
3 759 65 757
3 760 150 151
3 760 151 116
3 155 193 761
3 761 193 194
3 66 1000 762
3 762 95 96
3 474 492 763
3 763 492 493
3 96 129 764
3 764 129 130
3 326 967 765
3 765 364 365
3 766 161 162
3 766 162 126
3 462 483 767
3 767 483 484
3 41 925 768
3 768 66 67
3 151 189 769
3 769 189 190
3 480 496 770
3 770 496 497
3 188 937 771
3 771 228 998
3 365 919 772
3 772 400 401
3 773 197 198
3 773 198 160
3 471 991 774
3 774 490 948
3 498 507 775
3 775 507 513
3 25 45 776
3 776 45 46
3 336 373 777
3 777 373 374
3 339 376 778
3 778 376 377
3 120 156 779
3 779 156 157
3 780 366 367
3 780 367 1018
3 781 471 472
3 781 472 448
3 782 107 108
3 782 108 78
3 783 99 100
3 783 100 71
3 74 104 784
3 784 104 105
3 785 755 327
3 785 327 949
3 355 391 786
3 786 391 392
3 787 184 185
3 787 185 972
3 788 688 127
3 788 127 807
3 789 765 365
3 789 365 328
3 790 466 467
3 790 467 442
3 791 365 366
3 791 366 329
3 792 218 219
3 792 219 180
3 281 321 793
3 793 321 322
3 187 850 794
3 794 227 228
3 795 16 1016
3 795 17 838
3 796 328 329
3 796 329 290
3 297 336 797
3 797 336 337
3 301 340 798
3 798 340 341
3 799 20 21
3 799 21 9
3 9 22 800
3 800 22 23
3 801 434 435
3 801 435 405
3 186 861 802
3 802 226 227
3 803 186 187
3 803 187 699
3 282 322 804
3 804 322 323
3 805 198 199
3 805 199 161
3 454 477 806
3 806 477 478
3 95 807 981
3 788 807 95
3 808 46 47
3 808 47 27
3 467 487 809
3 809 487 488
3 366 994 810
3 810 401 402
3 17 34 811
3 811 34 35
3 95 981 812
3 812 128 129
3 813 181 182
3 813 182 145
3 814 221 222
3 814 222 183
3 283 939 815
3 815 323 324
3 816 185 186
3 816 186 896
3 817 522 305
3 817 305 520
3 818 219 220
3 818 220 181
3 137 174 819
3 819 174 175
3 492 504 820
3 820 504 516
3 37 61 821
3 821 61 38
3 822 35 36
3 822 36 19
3 173 212 823
3 823 212 213
3 88 120 824
3 824 120 121
3 65 841 825
3 825 94 95
3 826 115 116
3 826 116 85
3 414 443 827
3 827 443 444
3 828 141 142
3 828 142 108
3 496 506 829
3 829 506 515
3 48 74 830
3 830 74 75
3 831 327 328
3 831 328 289
3 4 900 832
3 832 13 14
3 833 26 27
3 833 27 13
3 477 494 834
3 834 494 495
3 835 403 404
3 835 404 1013
3 836 222 223
3 836 223 184
3 429 456 837
3 837 456 457
3 7 838 18
3 795 838 7
3 839 620 387
3 524 839 387
3 93 840 689
3 633 840 93
3 841 93 94
3 841 94 825
3 842 163 164
3 842 164 128
3 11 25 843
3 843 25 26
3 104 138 844
3 844 138 139
3 33 888 845
3 845 56 57
3 407 437 846
3 846 437 438
3 338 375 847
3 847 375 376
3 487 901 848
3 848 501 533
3 849 223 224
3 849 224 996
3 850 802 227
3 850 227 794
3 319 357 851
3 851 357 358
3 852 519 261
3 543 852 261
3 853 51 52
3 853 52 988
3 854 427 428
3 854 428 397
3 855 30 31
3 855 31 588
3 19 37 856
3 856 37 20
3 857 23 24
3 857 24 11
3 40 858 759
3 550 858 40
3 302 341 859
3 859 341 342
3 92 860 633
3 605 860 92
3 861 225 226
3 861 226 802
3 862 180 181
3 862 181 144
3 863 349 350
3 863 350 312
3 864 774 491
3 864 491 473
3 299 338 865
3 865 338 339
3 866 162 163
3 866 163 127
3 444 469 867
3 867 469 470
3 868 183 184
3 868 184 147
3 869 546 287
3 869 287 523
3 870 179 180
3 870 180 143
3 871 224 225
3 871 225 914
3 872 70 71
3 872 71 46
3 873 199 200
3 873 200 162
3 391 423 874
3 874 423 424
3 494 505 875
3 875 505 517
3 337 374 876
3 876 374 375
3 399 430 877
3 877 430 431
3 437 463 878
3 878 463 464
3 73 103 879
3 879 103 104
3 458 480 880
3 880 480 481
3 381 414 881
3 881 414 415
3 285 956 882
3 882 325 326
3 883 577 503
3 883 503 1011
3 884 18 19
3 884 19 922
3 885 741 447
3 653 885 447
3 21 887 886
3 886 40 41
3 887 39 40
3 887 40 886
3 888 55 56
3 888 56 845
3 889 699 188
3 889 188 635
3 890 164 165
3 890 165 129
3 192 232 891
3 891 232 233
3 172 211 892
3 892 211 212
3 893 396 397
3 893 397 362
3 303 987 894
3 894 342 343
3 895 202 203
3 895 203 165
3 149 896 803
3 816 896 149
3 897 460 461
3 897 461 435
3 298 337 898
3 898 337 338
3 899 454 455
3 899 455 428
3 900 12 13
3 900 13 832
3 901 616 501
3 901 501 848
3 902 182 183
3 902 183 146
3 903 809 488
3 903 488 469
3 904 58 59
3 904 59 36
3 136 173 905
3 905 173 174
3 906 84 85
3 906 85 58
3 189 229 907
3 907 229 230
3 908 564 268
3 526 908 268
3 909 882 326
3 909 326 755
3 910 200 201
3 910 201 163
3 911 8 9
3 911 9 932
3 447 912 781
3 741 912 447
3 111 146 913
3 913 146 147
3 186 914 861
3 871 914 186
3 915 201 202
3 915 202 164
3 154 192 916
3 916 192 193
3 917 402 403
3 917 403 369
3 918 203 204
3 918 204 166
3 919 622 400
3 919 400 772
3 60 88 920
3 920 88 89
3 332 921 578
3 607 921 332
3 2 922 8
3 884 922 2
3 152 190 923
3 923 190 191
3 415 444 924
3 924 444 445
3 925 757 66
3 925 66 768
3 926 441 442
3 926 442 413
3 927 724 503
3 577 927 503
3 3 945 928
3 928 11 12
3 929 345 346
3 929 346 308
3 419 930 722
3 653 930 419
3 320 358 931
3 931 358 359
3 3 932 10
3 911 932 3
3 445 470 933
3 933 470 741
3 190 230 934
3 934 230 231
3 935 643 301
3 519 935 301
3 374 408 936
3 936 408 409
3 937 794 228
3 937 228 771
3 340 377 938
3 938 377 378
3 939 804 323
3 939 323 815
3 47 73 940
3 940 73 74
3 484 992 941
3 941 499 521
3 15 942 855
3 680 942 15
3 325 363 943
3 943 363 364
3 423 451 944
3 944 451 452
3 945 10 11
3 945 11 928
3 191 231 946
3 946 231 232
3 65 947 841
3 690 947 65
3 948 883 491
3 774 948 491
3 288 949 831
3 785 949 288
3 387 950 697
3 620 950 387
3 356 392 951
3 951 392 393
3 324 362 952
3 952 362 363
3 953 521 500
3 953 500 616
3 954 412 413
3 954 413 380
3 955 810 402
3 955 402 1001
3 956 733 325
3 956 325 882
3 957 43 44
3 957 44 958
3 25 958 45
3 957 958 25
3 306 345 959
3 959 345 929
3 331 960 607
3 663 960 331
3 103 137 961
3 961 137 138
3 304 343 962
3 962 343 344
3 963 133 134
3 963 134 101
3 964 962 344
3 964 344 306
3 321 359 965
3 965 359 360
3 64 966 690
3 639 966 64
3 967 943 364
3 967 364 765
3 17 968 34
3 641 968 17
3 969 768 67
3 969 67 685
3 968 33 970
3 33 845 970
3 91 971 605
3 593 971 91
3 148 972 816
3 787 972 148
3 973 108 109
3 973 109 79
3 382 415 974
3 974 415 416
3 975 603 421
3 656 975 421
3 976 771 189
3 635 976 189
3 171 210 977
3 977 210 211
3 978 151 152
3 978 152 117
3 169 208 979
3 979 208 209
3 533 502 980
3 980 502 577
3 981 807 128
3 981 128 812
3 153 191 982
3 982 191 192
3 983 78 79
3 983 79 53
3 984 433 434
3 984 434 404
3 985 165 166
3 985 166 130
3 80 111 986
3 986 111 112
3 987 859 342
3 987 342 894
3 31 988 53
3 853 988 31
3 989 532 304
3 989 304 522
3 990 47 48
3 990 48 995
3 991 602 490
3 991 490 774
3 992 745 499
3 992 499 941
3 993 564 308
3 993 308 659
3 994 772 401
3 994 401 810
3 28 995 49
3 990 995 28
3 185 996 871
3 849 996 185
3 997 100 101
3 997 101 72
3 998 565 229
3 771 998 229
3 416 445 999
3 999 445 446
3 1000 825 95
3 1000 95 762
3 368 1001 917
3 955 1001 368
3 135 172 1002
3 1002 172 173
3 408 438 1003
3 1003 438 439
3 351 1004 634
3 524 1004 351
3 170 209 1005
3 1005 209 210
3 1006 639 64
3 550 1006 64
3 463 484 1007
3 1007 484 485
3 1008 511 502
3 533 1008 502
3 1009 142 143
3 1009 143 109
3 119 155 1010
3 1010 155 156
3 491 1011 518
3 883 1011 491
3 1012 602 471
3 741 1012 471
3 370 1013 665
3 835 1013 370
3 53 80 1014
3 1014 80 81
3 1015 815 324
3 1015 324 733
3 1016 641 17
3 795 1016 17
3 1017 524 351
3 573 1017 351
3 330 1018 663
3 780 1018 330
3 1019 346 347
3 1019 347 309
3 1020 574 84
3 584 1020 84
