510
0.00000000	0.00000000	0.58912100
0.09762600	0.00000000	0.62323400
0.04673100	0.08098300	0.58787600
-0.04476600	0.07763900	0.55988100
-0.08822900	0.00000000	0.55541700
-0.04531200	-0.07845400	0.57362800
0.04722800	-0.08170000	0.60162600
0.20053500	0.00000000	0.62689200
0.17063900	0.09833400	0.61438900
0.09315200	0.16131000	0.57424800
0.00000000	0.17717500	0.53683300
-0.08614300	0.14955100	0.52135000
-0.14651900	0.08468400	0.51661100
-0.16745500	0.00000000	0.51475800
-0.14701100	-0.08494100	0.51957700
-0.08866900	-0.15359900	0.54528200
0.00000000	-0.18153000	0.56155600
0.09350900	-0.16169100	0.58247300
0.16812000	-0.09688800	0.60511800
0.29731400	0.00000000	0.58967300
0.28343800	0.10283300	0.60526300
0.22150000	0.18533000	0.57900700
0.13617300	0.23552500	0.53997300
0.04579500	0.25956800	0.51977200
-0.04415100	0.25082400	0.49275700
-0.12517600	0.21732300	0.48288900
-0.18763900	0.15776900	0.47350500
-0.22862100	0.08319200	0.47834700
-0.23913900	0.00000000	0.47006600
-0.22761500	-0.08290700	0.47273600
-0.19078100	-0.16044000	0.48081500
-0.13094100	-0.22703800	0.51003200
-0.04617100	-0.26189300	0.52118800
0.04701200	-0.26609700	0.53886600
0.13450200	-0.23267700	0.53269600
0.21125400	-0.17715300	0.54364000
0.26771400	-0.09743500	0.55935000
0.38357700	0.00000000	0.53148500
0.37633400	0.10058600	0.54571300
0.33640500	0.19344200	0.54999700
0.26464300	0.26356200	0.53037300
0.17740500	0.30637700	0.49884200
0.08867700	0.33027200	0.47871200
0.00000000	0.33644600	0.46809700
-0.08528100	0.31846500	0.45145300
-0.16363400	0.28381200	0.44585500
-0.22782200	0.22823400	0.43749100
-0.27495100	0.15889600	0.43383600
-0.30480900	0.08161400	0.43673400
-0.31114800	0.00000000	0.42954300
-0.30277200	-0.08117600	0.42946900
-0.27730200	-0.16043800	0.43379800
-0.23519300	-0.23575100	0.44985600
-0.17183600	-0.29810900	0.46747400
-0.08943600	-0.33406800	0.47260200
0.00000000	-0.34572200	0.47933800
0.08795000	-0.32788400	0.47140000
0.16856000	-0.29187800	0.46491800
0.24129600	-0.24154900	0.46608600
0.30802600	-0.17802900	0.48580400
0.35249500	-0.09459300	0.49695000
0.44224600	0.00000000	0.43927300
0.43536000	0.09938500	0.44601300
0.41616900	0.19988000	0.47078300
0.36736800	0.29149700	0.48696800
0.27542600	0.34444000	0.45051500
0.18498100	0.38334500	0.43270900
0.09229600	0.40379000	0.41929300
0.00000000	0.40746900	0.41131800
-0.08959400	0.39242000	0.40351200
-0.17384800	0.36122100	0.39883300
-0.24776900	0.31125100	0.39205000
-0.30983300	0.24753100	0.39093000
-0.35355800	0.17051900	0.38799700
-0.38063800	0.08694400	0.38819400
-0.38663300	0.00000000	0.38327600
-0.38100900	-0.08706300	0.38740600
-0.35700800	-0.17225100	0.39064700
-0.32094200	-0.25630100	0.40625700
-0.26146100	-0.32830400	0.41521800
-0.18638400	-0.38694100	0.43028300
-0.09483200	-0.41507700	0.42927600
0.00000000	-0.41720900	0.42307600
0.09123700	-0.39897800	0.41590000
0.17514800	-0.36338400	0.40631400
0.25099900	-0.31505500	0.39958100
0.32177700	-0.25711400	0.40561000
0.38484400	-0.18563000	0.42216100
0.43185800	-0.09860900	0.44165600
0.49538200	0.00000000	0.35791300
0.49471400	0.09840000	0.36660600
0.47836900	0.19793600	0.37910200
0.43439600	0.28991200	0.38281800
0.38028400	0.37903000	0.40011400
0.28518500	0.42641600	0.37547500
0.19271400	0.46496400	0.36755000
0.09600700	0.48256900	0.35804000
0.00000000	0.48579500	0.35478400
-0.09291000	0.46704400	0.34625800
-0.17935100	0.43343200	0.33788000
-0.26064600	0.39076700	0.33637300
-0.33049300	0.33148500	0.33197000
-0.39454400	0.26426200	0.33858500
-0.43678200	0.18142100	0.33645300
-0.46621100	0.09295100	0.33942300
-0.47351300	0.00000000	0.33743400
-0.46639700	-0.09298700	0.33959000
-0.44721200	-0.18547100	0.34847900
-0.41310800	-0.27600500	0.36121400
-0.35307800	-0.35313200	0.36237200
-0.28531200	-0.42625300	0.37792800
-0.19779100	-0.47601800	0.38423200
-0.09860800	-0.49408300	0.37643800
0.00000000	-0.48390300	0.35842200
0.09324800	-0.46770300	0.35346400
0.18188500	-0.43829800	0.35021500
0.26137400	-0.39121300	0.34156000
0.33428500	-0.33480000	0.33951400
0.39988800	-0.26770400	0.34451700
0.46595100	-0.19288300	0.36808900
0.48729300	-0.09698200	0.35952400
0.53650900	0.00000000	0.27154300
0.53557500	0.09449900	0.27573300
0.52461600	0.19103600	0.28344900
0.49023800	0.28340600	0.28570800
0.44596300	0.37438700	0.29559100
0.39268600	0.46684600	0.31676600
0.29747000	0.51481100	0.30494400
0.20255600	0.55600700	0.30378500
0.10008000	0.56772000	0.29314000
0.00000000	0.57447600	0.29453600
-0.09794600	0.55510000	0.28887900
-0.18736700	0.51510700	0.27781400
-0.27092200	0.46998500	0.27283700
-0.35040700	0.41842500	0.27366800
-0.41954800	0.35299100	0.27352200
-0.48835500	0.28238400	0.28411100
-0.53318100	0.19443000	0.28513300
-0.56916200	0.10048300	0.29185100
-0.58105400	0.00000000	0.29371000
-0.56849900	-0.10036900	0.29143500
-0.54523100	-0.19851600	0.29490700
-0.50797600	-0.29303600	0.30067700
-0.44081900	-0.37003900	0.29235100
-0.37283600	-0.44422500	0.29604400
-0.29578800	-0.51118000	0.30636700
-0.20591800	-0.56303500	0.31778300
-0.10075400	-0.56908300	0.30474600
0.00000000	-0.55496400	0.28896000
0.09493300	-0.53743500	0.28237300
0.18415200	-0.50580800	0.27494800
0.27139200	-0.47007600	0.27651500
0.35117700	-0.41874800	0.27721000
0.41778600	-0.35105400	0.27498700
0.48554200	-0.28019400	0.28667700
0.52553600	-0.19111400	0.28680100
0.53738500	-0.09475800	0.27798500
0.58251100	0.00000000	0.18877600
0.57823600	0.09654100	0.18972400
0.56495600	0.19414600	0.19262000
0.53682800	0.29098600	0.19597500
0.49303400	0.38434200	0.20069800
0.43878700	0.47655200	0.21081600
0.37640800	0.57384700	0.23005000
0.27512700	0.62504900	0.22814700
0.16916300	0.66556800	0.22984400
0.05626200	0.67693300	0.22623400
-0.05478700	0.65990200	0.21860200
-0.15813800	0.62387800	0.21078300
-0.25192700	0.57436900	0.20368900
-0.34302400	0.52493200	0.20408300
-0.43105000	0.46782600	0.20815300
-0.50855500	0.39540600	0.21100400
-0.59617600	0.32150300	0.22583300
-0.65190100	0.22300800	0.22961200
-0.69147700	0.11496400	0.23371600
-0.70170300	0.00000000	0.23325600
-0.68179500	-0.11348800	0.22855600
-0.64667600	-0.22147600	0.22591800
-0.60006400	-0.32386000	0.22598400
-0.51629100	-0.40186700	0.21249600
-0.43915300	-0.47745400	0.20939000
-0.36045800	-0.55145500	0.21488200
-0.26751300	-0.60850200	0.21992300
-0.16069800	-0.63283500	0.21703600
-0.05313200	-0.63920400	0.21396800
0.05135000	-0.61880700	0.20426000
0.14906900	-0.58896600	0.19653200
0.24351000	-0.55592800	0.19489400
0.33735500	-0.51679000	0.19917300
0.42179800	-0.45836500	0.20180100
0.49525100	-0.38526900	0.20469800
0.53765100	-0.29107400	0.19806400
0.57310600	-0.19667200	0.19744900
0.58293300	-0.09727300	0.19204600
0.63278800	0.00000000	0.10071600
0.62946400	0.09959500	0.10171600
0.61145200	0.19859100	0.10214300
0.58490600	0.29796700	0.10412100
0.54662300	0.39681100	0.10767100
0.49092700	0.48993100	0.11159300
0.42733600	0.58532900	0.11922600
0.32348100	0.63288200	0.11543200
0.22370100	0.68622000	0.11739200
0.11703900	0.73574300	0.12221000
0.00000000	0.74653300	0.12195300
-0.11602200	0.73008000	0.12029400
-0.22638200	0.69434400	0.11890900
-0.33045500	0.64587900	0.11874900
-0.42605200	0.58362700	0.11878900
-0.50670600	0.50444700	0.11720200
-0.59257200	0.42801300	0.12095800
-0.64502400	0.32714100	0.11849600
-0.68942200	0.22314300	0.11799500
-0.72480900	0.11437300	0.11930100
-0.72345300	0.00000000	0.11634900
-0.72854400	-0.11501700	0.11950600
-0.71588400	-0.23153300	0.12312200
-0.67414600	-0.34181800	0.12399200
-0.57687800	-0.41887000	0.11343000
-0.49270800	-0.49354700	0.10903500
-0.41563400	-0.57274500	0.11106500
-0.33595200	-0.65791800	0.11900500
-0.22169800	-0.68136400	0.11477000
-0.11221500	-0.70640000	0.11606700
0.00000000	-0.70828200	0.11542900
0.10807500	-0.68122800	0.11076000
0.21172600	-0.65133900	0.10886900
0.31467300	-0.61729300	0.11015100
0.40333000	-0.55543200	0.10826400
0.50033300	-0.49938300	0.11360500
0.55578500	-0.40344100	0.10951300
0.59570500	-0.30339600	0.10622700
0.62512300	-0.20293800	0.10477600
0.63057900	-0.09983900	0.10138100
0.69925300	0.00000000	0.00000000
0.69339800	0.10926400	0.00000000
0.66062900	0.21381400	0.00000000
0.63148500	0.32040300	0.00000000
0.57620100	0.41711800	0.00000000
0.51258700	0.51034300	0.00000000
0.44634200	0.60989600	0.00000000
0.33942200	0.66235300	0.00000000
0.23701100	0.72506700	0.00000000
0.12439300	0.78028600	0.00000000
0.00000000	0.79622400	0.00000000
-0.12546200	0.78789000	0.00000000
-0.24786300	0.75813900	0.00000000
-0.36656900	0.71361800	0.00000000
-0.47597000	0.64863300	0.00000000
-0.56127800	0.55565500	0.00000000
-0.60824400	0.43862300	0.00000000
-0.64919100	0.32892200	0.00000000
-0.69616000	0.22494400	0.00000000
-0.73239600	0.11534300	0.00000000
-0.73836700	0.00000000	0.00000000
-0.75043000	-0.11814400	0.00000000
-0.74603500	-0.24057700	0.00000000
-0.70760900	-0.35780200	0.00000000
-0.60660900	-0.43941100	0.00000000
-0.52097000	-0.52067900	0.00000000
-0.44510100	-0.61177600	0.00000000
-0.36671300	-0.71587800	0.00000000
-0.24423600	-0.74796300	0.00000000
-0.12550700	-0.78668500	0.00000000
0.00000000	-0.80151700	0.00000000
0.12409300	-0.77751700	0.00000000
0.24429700	-0.74690800	0.00000000
0.36175200	-0.70564600	0.00000000
0.46793700	-0.64045800	0.00000000
0.54192200	-0.53996700	0.00000000
0.59917000	-0.43424800	0.00000000
0.64665800	-0.32864200	0.00000000
0.68412900	-0.22149900	0.00000000
0.69230300	-0.10928200	0.00000000
0.68146000	0.00000000	-0.10995300
0.67560300	0.10660400	-0.11134400
0.64639900	0.20931300	-0.11036500
0.59600700	0.30317900	-0.10723800
0.54472000	0.39527500	-0.10760800
0.48717400	0.48610600	-0.11087900
0.42538800	0.58253700	-0.11887900
0.32684400	0.63889400	-0.11737600
0.22359900	0.68612300	-0.11707300
0.11441300	0.72098400	-0.11743600
0.00000000	0.74094100	-0.11881600
-0.11759200	0.74087500	-0.12084000
-0.22554000	0.69329000	-0.11660700
-0.32141200	0.63012000	-0.11300900
-0.40988500	0.56293600	-0.11219700
-0.48872000	0.48708900	-0.11217200
-0.54061600	0.39190000	-0.10760800
-0.58480900	0.29748700	-0.10522600
-0.63048200	0.20434800	-0.10694000
-0.66585400	0.10510500	-0.10945700
-0.67555800	0.00000000	-0.10939500
-0.68789900	-0.10846400	-0.11395500
-0.68225800	-0.22040800	-0.11840100
-0.64054200	-0.32475300	-0.11798900
-0.56005600	-0.40640400	-0.11062100
-0.48642600	-0.48673300	-0.10846100
-0.41723000	-0.57407400	-0.11269500
-0.34593200	-0.67586800	-0.12456100
-0.23330700	-0.71484800	-0.12339900
-0.12102800	-0.75879100	-0.12875000
0.00000000	-0.78167600	-0.13306200
0.12265800	-0.76793300	-0.13177200
0.24452000	-0.74667700	-0.13237500
0.36686100	-0.71449700	-0.13494200
0.48104400	-0.65715400	-0.13643400
0.55182100	-0.54926900	-0.12761100
0.60889500	-0.44099200	-0.12185600
0.65805100	-0.33421500	-0.11964800
0.66743600	-0.21655300	-0.11229500
0.67724300	-0.10710500	-0.10977800
0.63994700	0.00000000	-0.21083100
0.63038400	0.10485600	-0.21259300
0.60442400	0.20677600	-0.21301800
0.55543700	0.30003900	-0.20798100
0.50363700	0.39153400	-0.20916600
0.44765900	0.48515900	-0.21839700
0.36613500	0.55917900	-0.22097900
0.26558300	0.60524400	-0.21540000
0.16322700	0.64483900	-0.21539600
0.05532000	0.66821000	-0.21628000
-0.05667400	0.68357800	-0.22386000
-0.16072500	0.63570800	-0.21028100
-0.25399200	0.58026700	-0.20229900
-0.33788500	0.51800600	-0.19834100
-0.41750000	0.45354800	-0.20021900
-0.48142700	0.37460500	-0.19863700
-0.52935300	0.28649300	-0.19546200
-0.57302600	0.19657000	-0.19798200
-0.60987800	0.10153100	-0.20444500
-0.62208700	0.00000000	-0.20619800
-0.63038500	-0.10474400	-0.21427200
-0.60596700	-0.20719000	-0.21443600
-0.55192900	-0.29807500	-0.20703000
-0.48140300	-0.37498500	-0.19706000
-0.41448300	-0.45097400	-0.19648200
-0.34658200	-0.53050500	-0.20582600
-0.25655500	-0.58477600	-0.20780700
-0.15760500	-0.62180200	-0.21000900
-0.05354000	-0.64472600	-0.21403100
0.05429800	-0.65328000	-0.21848400
0.16256700	-0.64046500	-0.21885100
0.27225800	-0.61950300	-0.22324100
0.38310400	-0.58509100	-0.23114000
0.49045700	-0.53100700	-0.24078400
0.55292200	-0.42976300	-0.22985900
0.60582600	-0.32743500	-0.22585200
0.62557800	-0.21471300	-0.21525300
0.63498500	-0.10592300	-0.20970600
0.59749000	0.00000000	-0.31408500
0.58447300	0.10247800	-0.31512300
0.56112600	0.20294900	-0.31860700
0.50961900	0.29305500	-0.30873000
0.45582700	0.38148000	-0.30903500
0.38485700	0.45815800	-0.30746100
0.30403000	0.52621200	-0.31144200
0.20601600	0.56645100	-0.30526200
0.10595200	0.60100900	-0.31043400
0.00000000	0.61973900	-0.31916700
-0.10190900	0.57864100	-0.29646100
-0.19414300	0.53427000	-0.28578100
-0.27612200	0.47911400	-0.27764200
-0.35183400	0.41989000	-0.27596600
-0.42082200	0.35345000	-0.27791100
-0.47767100	0.27601100	-0.27932400
-0.52059300	0.18958100	-0.28116400
-0.55892900	0.09842000	-0.29210500
-0.57265900	0.00000000	-0.29668600
-0.56705500	-0.09969400	-0.29978000
-0.53079500	-0.19282000	-0.29196700
-0.47880900	-0.27623700	-0.28327000
-0.41562000	-0.34892800	-0.27535900
-0.35199600	-0.41953100	-0.27882700
-0.27153200	-0.47082100	-0.27443400
-0.18645500	-0.51277300	-0.27577100
-0.09516300	-0.53991900	-0.27835600
0.00000000	-0.55176600	-0.28116400
0.09798800	-0.55539700	-0.28874600
0.19699300	-0.54132600	-0.29311000
0.29598400	-0.51308800	-0.29980900
0.39535100	-0.47125100	-0.31295900
0.49317200	-0.41297300	-0.33275300
0.55262800	-0.31839900	-0.32988700
0.58317000	-0.21184600	-0.32056700
0.59520400	-0.10468200	-0.31365900
0.49919500	0.00000000	-0.36802100
0.48538200	0.09621000	-0.36906800
0.46367700	0.19120400	-0.37692600
0.41757700	0.27832800	-0.37158600
0.36383700	0.36334700	-0.37752600
0.29289900	0.43800800	-0.38522100
0.20873300	0.50291600	-0.40200000
0.10760700	0.53941700	-0.40907000
0.00000000	0.52955400	-0.38947100
-0.09841700	0.49482000	-0.36627500
-0.18854700	0.45521500	-0.35783000
-0.26953900	0.40361600	-0.35103200
-0.34276300	0.34322400	-0.34868100
-0.41126300	0.27512700	-0.35620500
-0.46225500	0.19172700	-0.36000700
-0.50252500	0.09994800	-0.37253300
-0.51456100	0.00000000	-0.37593400
-0.49898000	-0.09917900	-0.37167300
-0.45646500	-0.18911500	-0.35839200
-0.40163100	-0.26853600	-0.34925900
-0.33855100	-0.33867500	-0.34690600
-0.26054900	-0.39049900	-0.33703800
-0.17854700	-0.43175800	-0.33478000
-0.09113500	-0.45880100	-0.33583600
0.00000000	-0.47106800	-0.33925100
0.09403700	-0.47300200	-0.34884700
0.18784500	-0.45425800	-0.35222900
0.27970800	-0.41972100	-0.35879100
0.36876500	-0.36952400	-0.37334600
0.43469900	-0.29107400	-0.37411100
0.47660700	-0.19773000	-0.37054600
0.49495900	-0.09849100	-0.36565200
0.40753300	0.00000000	-0.40867600
0.39389000	0.08972800	-0.40998100
0.36886300	0.17717400	-0.41745000
0.32354000	0.25776600	-0.41679700
0.26509300	0.33237700	-0.42553600
0.19087400	0.39601800	-0.44262600
0.10076600	0.44025900	-0.46197900
0.00000000	0.43721800	-0.44368700
-0.09378100	0.41061500	-0.42348000
-0.18095300	0.37557300	-0.41854600
-0.25931900	0.32544300	-0.41339300
-0.32957200	0.26335600	-0.41534600
-0.39393300	0.18996900	-0.43292900
-0.43818900	0.10005000	-0.44827200
-0.45063900	0.00000000	-0.45056300
-0.42822900	-0.09782000	-0.43668100
-0.38372800	-0.18506900	-0.42129800
-0.32794600	-0.26178000	-0.41650800
-0.25283300	-0.31769100	-0.39938200
-0.17323900	-0.36054100	-0.39260900
-0.08828800	-0.38760700	-0.39067200
0.00000000	-0.39992200	-0.39515500
0.09026500	-0.39595600	-0.40195000
0.17772600	-0.37003700	-0.40158500
0.26151000	-0.32899500	-0.40951900
0.33011800	-0.26428100	-0.41049200
0.37883200	-0.18304200	-0.41042100
0.40135000	-0.09180700	-0.40503500
0.32399500	0.00000000	-0.44516500
0.31094800	0.08322800	-0.44670900
0.28279300	0.16301400	-0.45476700
0.23497000	0.23482000	-0.45954600
0.17133000	0.29651900	-0.47436400
0.09229100	0.34346600	-0.50093500
0.00000000	0.34791900	-0.48566000
-0.08806300	0.32851200	-0.46981300
-0.17094500	0.29610700	-0.47029600
-0.24499600	0.24532000	-0.47232700
-0.30858700	0.17847000	-0.48442500
-0.36010800	0.09649700	-0.51290400
-0.37473900	0.00000000	-0.51633800
-0.35448000	-0.09501600	-0.50383600
-0.31030600	-0.17924000	-0.49149900
-0.24285300	-0.24326800	-0.46687200
-0.16741300	-0.29053400	-0.45426300
-0.08538300	-0.31920500	-0.44826600
0.00000000	-0.32866900	-0.44727100
0.08501100	-0.31777600	-0.44670600
0.16558700	-0.28748100	-0.44795800
0.23414900	-0.23499200	-0.44383500
0.28704100	-0.16627900	-0.44504500
0.31536600	-0.08471200	-0.44116100
0.24403700	0.00000000	-0.47833800
0.22853000	0.08313300	-0.47920000
0.18928100	0.15873600	-0.48699800
0.12735500	0.22039600	-0.50304300
0.04621500	0.26138100	-0.53285500
-0.04588900	0.25983400	-0.52470600
-0.13344200	0.23093300	-0.52700900
-0.20892000	0.17529200	-0.53550400
-0.26578900	0.09667200	-0.55788300
-0.28484600	0.00000000	-0.56210200
-0.26279400	-0.09560300	-0.55074300
-0.20529900	-0.17238500	-0.52338500
-0.13014000	-0.22558200	-0.50798300
-0.04430100	-0.25134900	-0.49911100
0.04368300	-0.24785400	-0.49193500
0.12424500	-0.21552900	-0.48220700
0.18923800	-0.15914100	-0.47695000
0.23026900	-0.08396200	-0.47451500
0.16431400	0.00000000	-0.50608300
0.14299100	0.08253200	-0.50926500
0.08495200	0.14704200	-0.52555800
0.00000000	0.17622400	-0.54946800
-0.08945700	0.15484100	-0.55332600
-0.15861100	0.09153400	-0.56539300
-0.18473400	0.00000000	-0.57055300
-0.15606100	-0.09010200	-0.55462800
-0.08733200	-0.15126600	-0.53747100
0.00000000	-0.16974000	-0.52228700
0.08374800	-0.14505300	-0.51558300
0.14251300	-0.08233600	-0.50391800
0.08369300	0.00000000	-0.53022200
0.04274000	0.07398100	-0.54224100
-0.04358800	0.07550800	-0.54980000
-0.08839100	0.00000000	-0.55812800
-0.04304600	-0.07456300	-0.54331300
0.04213600	-0.07295300	-0.53362300
0.00000000	0.00000000	-0.54826100
1016
3 1 2 3
3 1 3 4
3 1 4 5
3 1 5 6
3 1 6 7
3 1 7 2
3 2 8 9
3 2 9 3
3 3 9 10
3 3 10 11
3 3 11 4
3 4 11 12
3 4 12 13
3 4 13 5
3 5 13 14
3 5 14 15
3 5 15 6
3 6 15 16
3 6 16 17
3 6 17 7
3 7 17 18
3 7 18 19
3 7 19 2
3 2 19 8
3 8 20 21
3 8 21 9
3 9 21 22
3 9 22 10
3 10 22 23
3 10 23 24
3 10 24 11
3 11 24 25
3 11 25 12
3 12 25 26
3 12 26 27
3 12 27 13
3 13 27 28
3 13 28 14
3 14 28 29
3 14 29 30
3 14 30 15
3 15 30 31
3 15 31 16
3 16 31 32
3 16 32 33
3 16 33 17
3 17 33 34
3 17 34 18
3 18 34 35
3 18 35 36
3 18 36 19
3 19 36 37
3 19 37 8
3 8 37 20
3 20 38 39
3 20 39 21
3 21 39 40
3 21 40 22
3 22 40 41
3 22 41 23
3 23 41 42
3 23 42 43
3 23 43 24
3 24 43 44
3 24 44 25
3 25 44 45
3 25 45 26
3 26 45 46
3 26 46 47
3 26 47 27
3 27 47 48
3 27 48 28
3 28 48 49
3 28 49 29
3 29 49 50
3 29 50 51
3 29 51 30
3 30 51 52
3 30 52 31
3 31 52 53
3 31 53 32
3 32 53 54
3 32 54 55
3 32 55 33
3 33 55 56
3 33 56 34
3 34 56 57
3 34 57 58
3 34 58 35
3 35 58 59
3 35 59 36
3 36 59 60
3 36 60 37
3 37 60 61
3 37 61 20
3 20 61 38
3 38 62 63
3 38 63 39
3 39 63 64
3 39 64 40
3 40 64 65
3 40 65 41
3 41 65 66
3 41 66 42
3 42 66 67
3 42 67 43
3 43 67 68
3 43 68 44
3 44 68 69
3 44 69 70
3 44 70 45
3 45 70 71
3 45 71 46
3 46 71 72
3 46 72 47
3 47 72 73
3 47 73 48
3 48 73 74
3 48 74 49
3 49 74 75
3 49 75 50
3 50 75 76
3 50 76 77
3 50 77 51
3 51 77 78
3 51 78 52
3 52 78 79
3 52 79 53
3 53 79 80
3 53 80 54
3 54 80 81
3 54 81 55
3 55 81 82
3 55 82 56
3 56 82 83
3 56 83 84
3 56 84 57
3 57 84 85
3 57 85 58
3 58 85 86
3 58 86 59
3 59 86 87
3 59 87 60
3 60 87 88
3 60 88 61
3 61 88 89
3 61 89 38
3 38 89 62
3 62 90 91
3 62 91 63
3 63 91 92
3 63 92 64
3 64 92 93
3 64 93 65
3 65 93 94
3 65 94 66
3 66 94 95
3 66 95 67
3 67 95 96
3 67 96 68
3 68 96 97
3 68 97 69
3 69 97 98
3 69 98 99
3 69 99 70
3 70 99 100
3 70 100 71
3 71 100 101
3 71 101 72
3 72 101 102
3 72 102 73
3 73 102 103
3 73 103 74
3 74 103 104
3 74 104 75
3 75 104 105
3 75 105 76
3 76 105 106
3 76 106 107
3 76 107 77
3 77 107 108
3 77 108 78
3 78 108 109
3 78 109 79
3 79 109 110
3 79 110 80
3 80 110 111
3 80 111 81
3 81 111 112
3 81 112 82
3 82 112 113
3 82 113 83
3 83 113 114
3 83 114 115
3 83 115 84
3 84 115 116
3 84 116 85
3 85 116 117
3 85 117 86
3 86 117 118
3 86 118 87
3 87 118 119
3 87 119 88
3 88 119 120
3 88 120 89
3 89 120 121
3 89 121 62
3 62 121 90
3 90 122 123
3 90 123 91
3 91 123 124
3 91 124 92
3 92 124 125
3 92 125 93
3 93 125 126
3 93 126 94
3 94 126 127
3 94 127 95
3 95 127 128
3 95 128 96
3 96 128 129
3 96 129 97
3 97 129 130
3 97 130 98
3 98 130 131
3 98 131 132
3 98 132 99
3 99 132 133
3 99 133 100
3 100 133 134
3 100 134 101
3 101 134 135
3 101 135 102
3 102 135 136
3 102 136 103
3 103 136 137
3 103 137 104
3 104 137 138
3 104 138 105
3 105 138 139
3 105 139 106
3 106 139 140
3 106 140 141
3 106 141 107
3 107 141 142
3 107 142 108
3 108 142 143
3 108 143 109
3 109 143 144
3 109 144 110
3 110 144 145
3 110 145 111
3 111 145 146
3 111 146 112
3 112 146 147
3 112 147 113
3 113 147 148
3 113 148 114
3 114 148 149
3 114 149 150
3 114 150 115
3 115 150 151
3 115 151 116
3 116 151 152
3 116 152 117
3 117 152 153
3 117 153 118
3 118 153 154
3 118 154 119
3 119 154 155
3 119 155 120
3 120 155 156
3 120 156 121
3 121 156 157
3 121 157 90
3 90 157 122
3 122 158 159
3 122 159 123
3 123 159 160
3 123 160 124
3 124 160 161
3 124 161 125
3 125 161 162
3 125 162 126
3 126 162 163
3 126 163 127
3 127 163 164
3 127 164 128
3 128 164 165
3 128 165 129
3 129 165 166
3 129 166 130
3 130 166 167
3 130 167 131
3 131 167 168
3 131 168 132
3 132 168 169
3 132 169 133
3 133 169 170
3 133 170 134
3 134 170 171
3 134 171 135
3 135 171 172
3 135 172 136
3 136 172 173
3 136 173 137
3 137 173 174
3 137 174 138
3 138 174 175
3 138 175 139
3 139 175 176
3 139 176 140
3 140 176 177
3 140 177 178
3 140 178 141
3 141 178 179
3 141 179 142
3 142 179 180
3 142 180 143
3 143 180 181
3 143 181 144
3 144 181 182
3 144 182 145
3 145 182 183
3 145 183 146
3 146 183 184
3 146 184 147
3 147 184 185
3 147 185 148
3 148 185 186
3 148 186 149
3 149 186 187
3 149 187 150
3 150 187 188
3 150 188 151
3 151 188 189
3 151 189 152
3 152 189 190
3 152 190 153
3 153 190 191
3 153 191 154
3 154 191 192
3 154 192 155
3 155 192 193
3 155 193 156
3 156 193 194
3 156 194 157
3 157 194 195
3 157 195 122
3 122 195 158
3 158 196 197
3 158 197 159
3 159 197 198
3 159 198 160
3 160 198 199
3 160 199 161
3 161 199 200
3 161 200 162
3 162 200 201
3 162 201 163
3 163 201 202
3 163 202 164
3 164 202 203
3 164 203 165
3 165 203 204
3 165 204 166
3 166 204 205
3 166 205 167
3 167 205 206
3 167 206 168
3 168 206 207
3 168 207 169
3 169 207 208
3 169 208 170
3 170 208 209
3 170 209 171
3 171 209 210
3 171 210 172
3 172 210 211
3 172 211 173
3 173 211 212
3 173 212 174
3 174 212 213
3 174 213 175
3 175 213 214
3 175 214 176
3 176 214 215
3 176 215 177
3 177 215 216
3 177 216 217
3 177 217 178
3 178 217 218
3 178 218 179
3 179 218 219
3 179 219 180
3 180 219 220
3 180 220 181
3 181 220 221
3 181 221 182
3 182 221 222
3 182 222 183
3 183 222 223
3 183 223 184
3 184 223 224
3 184 224 185
3 185 224 225
3 185 225 186
3 186 225 226
3 186 226 187
3 187 226 227
3 187 227 188
3 188 227 228
3 188 228 189
3 189 228 229
3 189 229 190
3 190 229 230
3 190 230 191
3 191 230 231
3 191 231 192
3 192 231 232
3 192 232 193
3 193 232 233
3 193 233 194
3 194 233 234
3 194 234 195
3 195 234 235
3 195 235 158
3 158 235 196
3 196 236 197
3 197 236 237
3 197 237 198
3 198 237 238
3 198 238 199
3 199 238 239
3 199 239 200
3 200 239 240
3 200 240 201
3 201 240 241
3 201 241 202
3 202 241 242
3 202 242 203
3 203 242 243
3 203 243 204
3 204 243 244
3 204 244 205
3 205 244 245
3 205 245 206
3 206 245 246
3 206 246 207
3 207 246 247
3 207 247 208
3 208 247 248
3 208 248 209
3 209 248 249
3 209 249 210
3 210 249 250
3 210 250 211
3 211 250 251
3 211 251 212
3 212 251 252
3 212 252 213
3 213 252 253
3 213 253 214
3 214 253 254
3 214 254 215
3 215 254 255
3 215 255 216
3 216 255 256
3 216 256 217
3 217 256 257
3 217 257 218
3 218 257 258
3 218 258 219
3 219 258 259
3 219 259 220
3 220 259 260
3 220 260 221
3 221 260 261
3 221 261 222
3 222 261 262
3 222 262 223
3 223 262 263
3 223 263 224
3 224 263 264
3 224 264 225
3 225 264 265
3 225 265 226
3 226 265 266
3 226 266 227
3 227 266 267
3 227 267 228
3 228 267 268
3 228 268 229
3 229 268 269
3 229 269 230
3 230 269 270
3 230 270 231
3 231 270 271
3 231 271 232
3 232 271 272
3 232 272 233
3 233 272 273
3 233 273 234
3 234 273 274
3 234 274 235
3 235 274 275
3 235 275 196
3 196 275 236
3 236 276 237
3 237 276 277
3 237 277 238
3 238 277 278
3 238 278 239
3 239 278 279
3 239 279 240
3 240 279 280
3 240 280 241
3 241 280 281
3 241 281 242
3 242 281 282
3 242 282 243
3 243 282 283
3 243 283 244
3 244 283 284
3 244 284 245
3 245 284 285
3 245 285 246
3 246 285 286
3 246 286 247
3 247 286 287
3 247 287 248
3 248 287 288
3 248 288 249
3 249 288 289
3 249 289 250
3 250 289 290
3 250 290 251
3 251 290 291
3 251 291 252
3 252 291 292
3 252 292 253
3 253 292 293
3 253 293 254
3 254 293 294
3 254 294 255
3 255 294 295
3 255 295 256
3 256 295 296
3 256 296 257
3 257 296 297
3 257 297 258
3 258 297 298
3 258 298 259
3 259 298 299
3 259 299 260
3 260 299 300
3 260 300 261
3 261 300 301
3 261 301 262
3 262 301 302
3 262 302 263
3 263 302 303
3 263 303 264
3 264 303 304
3 264 304 265
3 265 304 305
3 265 305 266
3 266 305 306
3 266 306 267
3 267 306 307
3 267 307 268
3 268 307 308
3 268 308 269
3 269 308 309
3 269 309 270
3 270 309 310
3 270 310 271
3 271 310 311
3 271 311 272
3 272 311 312
3 272 312 273
3 273 312 313
3 273 313 274
3 274 313 314
3 274 314 275
3 275 314 315
3 275 315 236
3 236 315 276
3 276 316 277
3 277 316 317
3 277 317 278
3 278 317 318
3 278 318 279
3 279 318 319
3 279 319 280
3 280 319 320
3 280 320 281
3 281 320 321
3 281 321 282
3 282 321 322
3 282 322 283
3 283 322 323
3 283 323 284
3 284 323 324
3 284 324 285
3 285 324 325
3 285 325 286
3 286 325 326
3 286 326 287
3 287 326 327
3 287 327 288
3 288 327 328
3 288 328 289
3 289 328 329
3 289 329 290
3 290 329 330
3 290 330 291
3 291 330 331
3 291 331 292
3 292 331 332
3 292 332 293
3 293 332 333
3 293 333 294
3 294 333 334
3 294 334 295
3 295 334 296
3 296 334 335
3 296 335 297
3 297 335 336
3 297 336 298
3 298 336 337
3 298 337 299
3 299 337 338
3 299 338 300
3 300 338 339
3 300 339 301
3 301 339 340
3 301 340 302
3 302 340 341
3 302 341 303
3 303 341 342
3 303 342 304
3 304 342 343
3 304 343 305
3 305 343 344
3 305 344 306
3 306 344 345
3 306 345 307
3 307 345 346
3 307 346 308
3 308 346 347
3 308 347 309
3 309 347 348
3 309 348 310
3 310 348 349
3 310 349 311
3 311 349 350
3 311 350 312
3 312 350 351
3 312 351 313
3 313 351 352
3 313 352 314
3 314 352 353
3 314 353 315
3 315 353 276
3 276 353 316
3 316 354 317
3 317 354 355
3 317 355 318
3 318 355 356
3 318 356 319
3 319 356 357
3 319 357 320
3 320 357 358
3 320 358 321
3 321 358 359
3 321 359 322
3 322 359 360
3 322 360 323
3 323 360 361
3 323 361 324
3 324 361 362
3 324 362 325
3 325 362 363
3 325 363 326
3 326 363 364
3 326 364 327
3 327 364 365
3 327 365 328
3 328 365 366
3 328 366 329
3 329 366 367
3 329 367 330
3 330 367 368
3 330 368 331
3 331 368 369
3 331 369 332
3 332 369 370
3 332 370 333
3 333 370 371
3 333 371 334
3 334 371 335
3 335 371 372
3 335 372 336
3 336 372 373
3 336 373 337
3 337 373 374
3 337 374 338
3 338 374 375
3 338 375 339
3 339 375 376
3 339 376 340
3 340 376 377
3 340 377 341
3 341 377 378
3 341 378 342
3 342 378 379
3 342 379 343
3 343 379 380
3 343 380 344
3 344 380 381
3 344 381 345
3 345 381 382
3 345 382 346
3 346 382 383
3 346 383 347
3 347 383 384
3 347 384 348
3 348 384 385
3 348 385 349
3 349 385 386
3 349 386 350
3 350 386 387
3 350 387 351
3 351 387 388
3 351 388 352
3 352 388 389
3 352 389 353
3 353 389 316
3 316 389 354
3 354 390 355
3 355 390 391
3 355 391 356
3 356 391 392
3 356 392 357
3 357 392 393
3 357 393 358
3 358 393 394
3 358 394 359
3 359 394 395
3 359 395 360
3 360 395 396
3 360 396 361
3 361 396 397
3 361 397 362
3 362 397 363
3 363 397 398
3 363 398 364
3 364 398 399
3 364 399 365
3 365 399 400
3 365 400 366
3 366 400 401
3 366 401 367
3 367 401 402
3 367 402 368
3 368 402 403
3 368 403 369
3 369 403 404
3 369 404 370
3 370 404 405
3 370 405 371
3 371 405 372
3 372 405 406
3 372 406 373
3 373 406 407
3 373 407 374
3 374 407 408
3 374 408 375
3 375 408 409
3 375 409 376
3 376 409 410
3 376 410 377
3 377 410 411
3 377 411 378
3 378 411 412
3 378 412 379
3 379 412 413
3 379 413 380
3 380 413 381
3 381 413 414
3 381 414 382
3 382 414 415
3 382 415 383
3 383 415 416
3 383 416 384
3 384 416 417
3 384 417 385
3 385 417 418
3 385 418 386
3 386 418 419
3 386 419 387
3 387 419 420
3 387 420 388
3 388 420 421
3 388 421 389
3 389 421 354
3 354 421 390
3 390 422 391
3 391 422 423
3 391 423 392
3 392 423 424
3 392 424 393
3 393 424 425
3 393 425 394
3 394 425 426
3 394 426 395
3 395 426 427
3 395 427 396
3 396 427 428
3 396 428 397
3 397 428 398
3 398 428 429
3 398 429 399
3 399 429 430
3 399 430 400
3 400 430 431
3 400 431 401
3 401 431 432
3 401 432 402
3 402 432 433
3 402 433 403
3 403 433 434
3 403 434 404
3 404 434 435
3 404 435 405
3 405 435 406
3 406 435 436
3 406 436 407
3 407 436 437
3 407 437 408
3 408 437 438
3 408 438 409
3 409 438 439
3 409 439 410
3 410 439 440
3 410 440 411
3 411 440 441
3 411 441 412
3 412 441 442
3 412 442 413
3 413 442 414
3 414 442 443
3 414 443 415
3 415 443 444
3 415 444 416
3 416 444 445
3 416 445 417
3 417 445 446
3 417 446 418
3 418 446 447
3 418 447 419
3 419 447 448
3 419 448 420
3 420 448 449
3 420 449 421
3 421 449 390
3 390 449 422
3 422 450 423
3 423 450 451
3 423 451 424
3 424 451 452
3 424 452 425
3 425 452 453
3 425 453 426
3 426 453 454
3 426 454 427
3 427 454 455
3 427 455 428
3 428 455 429
3 429 455 456
3 429 456 430
3 430 456 457
3 430 457 431
3 431 457 458
3 431 458 432
3 432 458 459
3 432 459 433
3 433 459 460
3 433 460 434
3 434 460 461
3 434 461 435
3 435 461 436
3 436 461 462
3 436 462 437
3 437 462 463
3 437 463 438
3 438 463 464
3 438 464 439
3 439 464 465
3 439 465 440
3 440 465 466
3 440 466 441
3 441 466 467
3 441 467 442
3 442 467 443
3 443 467 468
3 443 468 444
3 444 468 469
3 444 469 445
3 445 469 470
3 445 470 446
3 446 470 471
3 446 471 447
3 447 471 472
3 447 472 448
3 448 472 473
3 448 473 449
3 449 473 422
3 422 473 450
3 450 474 451
3 451 474 475
3 451 475 452
3 452 475 476
3 452 476 453
3 453 476 454
3 454 476 477
3 454 477 455
3 455 477 478
3 455 478 456
3 456 478 479
3 456 479 457
3 457 479 458
3 458 479 480
3 458 480 459
3 459 480 481
3 459 481 460
3 460 481 482
3 460 482 461
3 461 482 462
3 462 482 483
3 462 483 463
3 463 483 484
3 463 484 464
3 464 484 485
3 464 485 465
3 465 485 466
3 466 485 486
3 466 486 467
3 467 486 487
3 467 487 468
3 468 487 488
3 468 488 469
3 469 488 470
3 470 488 489
3 470 489 471
3 471 489 490
3 471 490 472
3 472 490 491
3 472 491 473
3 473 491 450
3 450 491 474
3 474 492 475
3 475 492 493
3 475 493 476
3 476 493 477
3 477 493 494
3 477 494 478
3 478 494 495
3 478 495 479
3 479 495 480
3 480 495 496
3 480 496 481
3 481 496 497
3 481 497 482
3 482 497 483
3 483 497 498
3 483 498 484
3 484 498 499
3 484 499 485
3 485 499 486
3 486 499 500
3 486 500 487
3 487 500 501
3 487 501 488
3 488 501 502
3 488 502 489
3 489 502 490
3 490 502 503
3 490 503 491
3 491 503 474
3 474 503 492
3 492 504 493
3 493 504 494
3 494 504 505
3 494 505 495
3 495 505 496
3 496 505 506
3 496 506 497
3 497 506 498
3 498 506 507
3 498 507 499
3 499 507 500
3 500 507 508
3 500 508 501
3 501 508 502
3 502 508 509
3 502 509 503
3 503 509 492
3 492 509 504
3 504 510 505
3 505 510 506
3 506 510 507
3 507 510 508
3 508 510 509
3 509 510 504
